SWV ITM Data Console - ITM Port: 0
15854
15763
15646
15705
15638
15817
15716
15538
15466
15533
15501
15487
15264
15192
14892
14619
14538
14219
13935
13524
13176
12838
12484
12322
12193
11957
11635
10918
10675
10578
10734
11095
11615
11741
11999
12495
12724
12773
13022
13469
13245
13481
13329
13301
13293
13438
13265
13239
12981
12926
12789
12859
12629
12656
12367
12529
12338
12141
12255
12134
12233
12533
12742
12941
13015
12989
13232
13015
13218
13072
12957
13194
12863
12875
12810
12885
12909
12989
12823
12779
12759
12495
12211
12039
11709
11415
11321
10680
10365
9941
9791
9657
9384
9307
8555
8143
8068
8153
8479
8799
9258
9673
10038
10201
10383
10600
10741
11021
10971
11061
10940
10979
11042
11101
11007
10828
10731
10712
10441
10485
10355
10391
10294
10051
9908
10030
10065
10070
10127
10553
10783
10821
10817
10947
10939
10839
10964
10882
10715
10916
10709
10816
10913
10855
10858
10980
10651
11044
10876
10505
10297
9918
9604
9471
8951
8524
8102
7626
7503
7366
7273
6927
6343
6190
6196
6209
6743
7118
7488
7888
8043
8479
8677
9079
9235
9027
9202
9352
9130
9117
9390
9169
9228
9066
8946
8867
8687
8622
8671
8511
8366
8375
8334
8309
8430
8557
8642
8957
9012
9074
9259
9243
9305
9321
9279
9152
9295
9233
9270
9238
9114
9453
9316
8206
9120
9267
9151
8891
8802
8457
7901
7781
7434
6973
6654
6334
6111
6004
5855
5352
4893
4661
4791
4948
5531
6018
6175
6715
6987
7084
7255
7771
7779
7840
7819
7960
7909
8064
8019
7834
7932
7943
7639
7615
7423
7379
7476
7304
7359
7245
7115
7167
7261
7423
7679
7819
8059
7947
8021
7961
8151
8241
8413
8373
8227
8187
8297
8616
8121
8351
8282
8229
7911
8024
7958
7781
7758
7050
7028
6405
6314
5972
5873
5337
5021
5073
4666
4267
3764
3730
4043
4455
4991
5264
5652
5908
6221
6457
6733
7014
6942
6865
6843
7087
7103
7150
7135
7078
7145
7189
6836
6702
6607
6586
6533
6522
6515
6395
6233
6359
6557
6799
7148
7154
7237
7244
7404
7563
7483
7318
7439
7453
7709
7379
7511
7527
7541
7472
7447
7636
7283
7358
7131
7021
6824
6443
5743
5615
5367
5079
4960
4645
4703
4427
4164
3599
3254
3197
3442
4031
4323
4688
5177
5371
5690
5939
6164
6292
6488
6515
6440
6436
6635
6399
6334
6041
6303
6234
6193
6066
6079
5935
5975
5839
5808
5738
5715
5855
6033
6358
6567
6539
6705
6631
6811
6894
6874
6961
6790
6795
6850
6758
6853
7103
6750
6957
6881
6761
6876
6795
6396
6118
6042
5887
5395
5261
4919
4856
4670
4423
4283
4141
3864
3272
2756
2740
3121
3533
3833
4343
4775
4928
5054
5536
5619
5919
5982
5875
6040
6109
6107
6017
6094
6015
5751
5722
5665
5591
5486
5588
5296
5294
5466
5319
5279
5447
5701
6071
6247
6134
6335
6523
6399
6421
6476
6527
6473
6475
6487
6539
6415
6459
7095
6603
6535
6440
6445
6166
6051
5694
5679
5147
4943
4733
4444
4303
4182
4144
3854
3616
3095
2585
2334
2575
2975
3679
3771
4153
4475
4946
5103
5397
5390
5561
5607
5707
5643
5751
5656
5530
5772
5564
5451
6018
5307
5268
5154
5225
5137
5049
5051
4996
5158
5287
5559
5968
5894
5945
5900
6317
6341
6323
6339
6381
6300
6289
6319
6265
6604
6397
6351
6349
6425
6415
6143
5993
5786
5603
5095
4835
4674
4389
4190
3872
3847
3553
3370
3129
2758
2270
2335
2448
2903
3459
3928
4160
4401
4703
5036
5238
5335
5333
5631
5575
5427
5705
5577
5845
5723
5741
5670
5307
5297
5423
5295
5656
5227
5502
5243
5138
5355
5511
6103
6123
5935
5929
6143
6029
6203
6292
6391
6231
6349
6361
6106
6143
6169
6113
6127
5975
6142
5963
5733
5490
5245
5169
4766
4479
4111
3885
3661
3485
3243
3242
2869
2413
1711
1871
1845
2239
2714
3377
3482
3911
4494
4591
4890
4927
5128
5428
5278
5246
5343
5307
5325
5224
5379
5189
5023
4875
4914
4808
4748
4515
4479
4543
4359
4396
4523
4935
5182
5225
5407
5341
5647
5479
5624
5497
5551
5692
5535
5507
5663
5570
5631
5587
5683
5731
5566
5495
5423
4954
4722
4556
4279
3737
3965
3213
3147
3097
2850
2814
2395
1918
1735
1650
1983
2345
3023
3180
3470
3784
4059
4286
4557
4561
4818
4771
4991
4773
4909
4996
4913
4980
4819
4699
4549
4560
4508
4609
4543
4295
4369
4237
4257
4327
4543
4851
5195
5259
5280
5463
5631
5453
5732
5625
5611
5579
5513
5693
5422
5746
5775
5748
5593
5582
5414
5255
5450
5124
4699
4215
4091
3717
3450
3242
3121
2947
2879
2774
2255
1786
1486
1521
2030
2439
2842
3163
3727
3930
4059
4452
4628
4772
4655
4940
4861
5035
4903
4886
5072
5182
4898
4623
4752
4575
4493
4521
4379
4275
4272
4264
4209
4480
4655
5389
5155
5151
5221
5485
5258
5517
5334
5387
5395
5534
5627
5471
5315
5496
5583
5484
5612
5626
5410
5246
4892
4847
4559
4243
3916
3711
3204
3245
3118
2703
2783
2495
1927
1525
1463
1491
2110
2651
2999
3423
3727
4058
4113
4445
4570
4656
4551
4653
4909
4831
4979
4859
4895
4677
4635
4607
4432
4502
4406
4331
3922
4194
4157
4128
4189
4453
4751
4884
5151
5207
5421
5277
5343
5481
5349
5439
5415
5395
5371
5435
5705
5599
5616
5383
5516
5580
5218
5167
4759
4659
4203
4186
3596
3555
3323
3100
2901
2868
2564
2367
1502
1399
1198
1903
2447
2711
2995
3432
3812
4108
4235
4545
4625
4487
4758
4858
5427
5200
4735
4623
4563
4928
4595
4484
4535
4393
4434
4203
4145
4137
4253
4263
4252
4351
4872
5045
5092
5051
5226
5306
5278
5679
5631
5359
5464
5436
5418
5773
5503
5407
5611
5525
5631
5540
5239
5227
4781
4601
4409
3948
3722
3280
3181
3053
2688
2764
2459
2014
1740
1564
1614
2045
2601
2950
3352
3562
3864
4169
4479
4405
4748
4866
4855
4775
4839
5002
4711
4689
4693
4552
4720
4663
4501
4532
4279
4269
4188
4388
4128
4255
4387
4570
4951
5237
5383
5095
5214
5376
5343
5415
5673
5444
5531
5460
5358
5433
5383
5489
5700
5531
5382
5271
5264
4910
4744
4447
4178
3862
3501
3295
3189
2961
2805
2606
2261
2008
1454
1419
1820
2228
2827
3176
3423
3727
4192
4348
4543
4657
4714
5007
4954
4591
5038
4993
5183
4967
4812
4911
4807
4531
4637
4554
4499
4523
4506
4383
4570
4587
4827
5517
5495
5381
5526
5599
5565
5620
5818
5846
5788
5822
5359
5495
6059
5679
5711
5689
5541
5660
5676
5349
5223
4949
4818
4415
3910
3839
3578
3237
3193
2895
2679
2703
2047
1653
1727
1824
2112
2616
3011
3253
3350
3947
4191
4423
4488
4771
4663
4959
4645
5088
4877
4803
4887
4916
4711
4750
4633
4607
4457
4400
4314
4199
4309
4303
4377
4322
4480
4927
5295
5301
5105
5230
5220
5258
5527
5423
5782
5584
5586
5472
5567
5355
5523
5589
5424
5440
5543
5167
5116
4813
4491
4399
3848
3493
3556
3177
2943
2723
2614
2596
1823
1259
1348
1851
2303
2534
3003
3423
3667
3673
4269
4514
4503
4895
5140
4843
4855
4889
4919
4855
4689
4953
5015
4692
4357
4661
4272
4316
4261
4247
4339
4328
4249
4511
4883
5062
4936
5159
5312
5295
5425
5559
5346
5337
5410
5503
5502
5451
5549
5318
5643
5309
5247
5200
5231
5158
4949
4639
4296
3949
3642
3258
3159
3087
2911
2729
2665
2221
1659
1483
1619
1912
2350
2727
3153
3433
3935
3965
4206
4431
4881
4671
4903
4794
4695
4927
4881
4939
4591
4691
4619
4488
4364
4799
4277
4057
4295
4115
4118
4132
4311
4690
4971
5131
5061
5165
5261
5311
5186
5332
5411
5513
5359
5374
5165
5363
5460
5372
5618
5553
5339
5237
4999
5045
4710
4286
4053
3770
3574
3379
3183
2791
3007
2814
2457
1810
1634
1236
1536
2143
2559
3023
3308
3519
3967
4135
4415
4397
4900
4629
4759
5145
4631
4971
4692
4531
4633
4637
4553
4389
4245
4246
4178
4187
4098
4081
4216
4136
4213
4498
5069
5119
5083
5178
5295
5853
5239
5304
5360
5363
5227
5373
5107
5011
5284
5207
5329
5057
5342
5127
4983
4860
4471
4180
3952
3583
3375
3182
2888
2767
2698
2577
2255
1651
949
1295
1611
2192
2730
3094
3265
3581
3701
4317
4303
4589
4599
4636
4831
4681
4815
4639
4530
4441
4609
4281
4479
4315
4425
4354
4193
4191
4031
4171
4201
4330
4308
4767
4848
5147
4961
5027
5191
5418
5243
5245
5263
5342
5281
5261
5578
5508
5303
5227
5319
5175
5104
4963
4915
4643
4302
4125
3819
3244
3156
3005
2910
2541
2468
2344
1727
1530
1358
1415
1901
2465
2888
3148
3400
3832
4080
4205
4343
4489
4533
4657
4656
4683
4780
4749
4623
4719
4603
4478
4519
4319
4231
4235
4128
4172
4185
4219
4117
4164
4472
4815
4948
5125
5214
5747
5107
5181
5261
5352
5140
5319
5167
5387
5311
5309
5434
5328
5239
5303
5334
4905
4881
4563
4310
3945
3699
3388
3073
2936
2786
2465
2361
2035
1663
1343
1256
1593
2066
2491
2743
3172
3836
3844
4188
4311
4672
4495
4617
4808
4766
4572
4621
4734
4648
4638
4503
4489
4131
4511
4136
4310
4263
4117
3943
4054
3941
4247
4764
4928
4756
5143
5277
5225
5245
5318
5275
5223
5235
5312
5407
5367
5359
5384
5423
5154
5551
5215
5128
5029
4743
4486
4206
4135
3512
3338
2996
2868
2799
2740
2331
1944
1395
1332
1396
1771
2212
2575
2847
3453
3479
3945
4207
4445
4688
4663
4734
4776
4846
4788
4575
4535
4682
4723
4607
4415
4400
4383
4429
4350
4210
4216
4203
4160
4329
4510
4921
4928
5183
5180
5287
5327
5415
5390
5341
5396
5220
5408
5335
5320
5458
5440
5299
5437
5467
5172
5233
4760
4568
4631
4212
3564
3475
3234
2991
2995
2870
2651
2375
1925
1514
1415
1377
2031
2528
2822
3263
3591
3902
4135
4375
4469
4600
4697
5071
4931
4778
4895
4725
4799
4736
4681
4498
4397
4555
4055
4384
4284
4230
4199
4159
4295
4304
4679
5131
4881
4991
5127
5437
5448
5519
5497
5439
4965
5436
5485
5387
5515
5462
5503
5788
5534
5537
5334
5244
4704
4706
4583
3913
3867
3551
3437
3160
2994
2874
2681
2308
1948
1297
1547
2030
2413
2871
3249
3488
3901
4112
4428
4778
4845
4763
5130
4839
5108
5050
5199
5077
5225
4940
4911
4927
4728
4863
4701
4602
4489
4680
4576
5163
4581
4836
5183
5205
5439
5967
5871
6341
5874
5796
5737
5875
5547
5919
5871
5706
5712
5910
6026
6244
5997
6285
5858
5705
5560
5213
4961
4522
4311
3855
4535
3451
2443
2347
2106
1651
1412
1432
1687
2075
3047
3286
2868
3278
3780
3853
4112
4386
4422
4571
4576
4622
4797
4782
4862
4912
4793
4847
4587
4749
4623
4724
5261
4444
4336
4248
4472
4321
4537
4935
5698
5844
5349
5494
5639
6055
6487
5093
5167
5055
5239
5223
5100
5087
5171
4896
5311
5052
5028
5015
4863
4527
4277
4070
3794
3391
3018
2727
2581
2436
2376
2144
1708
1373
1140
1172
1425
1955
2342
2795
3165
3446
3560
3892
4158
4349
4240
4369
4471
4570
4773
4643
4765
4579
4670
4752
4687
4399
4303
4410
4231
4285
4249
4291
4436
4452
4721
5135
5671
6352
5865
5900
5990
6280
5668
6079
6735
6779
6027
6605
5349
5419
5223
5324
5137
5395
5033
5039
4819
4663
4450
4193
3756
3530
3207
2853
2757
2525
2516
2346
1885
1339
1349
1407
2005
2616
2815
3044
3437
3761
4165
4299
4483
4799
4853
5055
5069
5132
5325
5041
5495
6119
5278
5441
6371
6076
4399
4185
4276
4272
4311
4474
4666
5514
5693
5787
6614
4803
4831
4924
5051
5118
5003
4991
5044
5469
5200
5031
4959
5125
5342
4990
5281
5103
5197
4787
4462
4727
4135
4143
3560
3411
3084
3084
2687
2647
2347
2367
1945
1474
1407
1267
2124
2419
3124
3448
3547
4117
4282
4806
4874
5249
5291
5395
5823
5201
5208
5230
5292
5498
5704
5942
4246
4543
4063
4133
3937
4242
3890
4070
3897
3989
4559
4735
4855
5139
4933
5160
5005
5355
5249
5056
5300
5221
5201
5023
4915
5183
5367
5272
5076
4927
5039
4901
4655
4392
4135
3957
3611
3347
3267
3047
2799
2691
2584
2246
1773
1233
1482
2007
2362
2895
3285
3610
3893
4304
4665
4699
5015
5324
5409
5835
4971
5324
5063
5189
5277
5007
4648
4703
4579
4646
4610
4441
4416
4514
4369
4409
4452
4941
5343
5656
5463
5545
5803
6587
5565
5774
5431
5542
5499
5367
5375
5220
5060
5391
5161
5144
5175
5043
4720
4820
4536
4167
3927
3720
3277
3088
2843
2720
2557
2271
2095
1582
1130
1071
1276
1687
2362
2711
3048
3303
3687
3830
3943
4176
4575
4719
4713
4671
4607
4572
4809
4826
4680
4378
4455
4174
4383
4302
4272
4221
4002
4101
4031
4056
4184
4564
4856
4856
5135
5136
5132
5147
5317
5210
5485
5341
5191
5061
5397
5077
5380
5567
5414
5551
5131
5176
4876
4723
4685
4171
3988
3519
3419
3278
2884
2816
2664
2493
2142
1776
1302
820
1579
2239
2447
2950
3268
3733
3865
4384
4361
4574
4599
4733
4679
4919
4687
5015
4709
4751
4823
4708
4536
4590
4527
4452
4312
4350
4256
4255
4287
4407
4553
4663
5105
5141
5294
5316
5574
5372
5400
5653
5527
5324
5471
5358
5370
5498
5287
5406
5419
4992
5125
5039
4777
4650
4476
4159
4021
3508
3112
3063
2917
2701
2415
2384
1764
1349
1007
1311
1741
2052
2448
3006
3341
3425
3783
4171
4193
4235
4647
4323
4591
4587
4571
4502
4597
4473
4344
4280
4519
4276
4097
3947
3919
3850
3872
3867
3985
3967
4319
4605
4817
4990
4975
4991
5195
5218
5119
5191
5059
4963
5223
5095
5067
5193
5255
4999
5015
4996
4985
4759
4479
4279
4040
3777
3400
3001
2879
2641
2460
2431
2303
1864
1455
1141
1034
1303
1679
2303
2399
3061
3407
3567
3903
4028
4339
4115
4191
4487
4623
4303
4775
4479
4429
4223
4351
4279
4190
4071
4065
4152
3951
3958
3897
3932
3909
4212
4456
4800
4856
5105
4943
5091
5191
4911
5017
5256
4995
5215
4991
5244
5160
4951
5152
5197
5241
5144
4725
4695
4435
4244
4155
3540
3419
3163
2862
2713
2427
2239
2107
1808
1372
1103
1127
1565
1949
2473
2621
3358
3295
3628
3857
4150
4395
4598
4326
4351
4603
4346
4590
4439
4613
4510
4283
4415
4181
4097
4065
3986
3982
3457
3831
3922
3986
3735
4532
4783
4867
4792
4863
4980
5073
5032
5138
5135
5071
5188
5029
5055
5239
4990
4991
5055
5076
4887
4761
4565
4345
4147
3833
3471
3276
2895
2789
2622
2251
2283
2095
1575
1223
959
983
1471
2150
2486
2895
3243
3327
4130
3945
4159
4095
4415
4373
4307
4543
4077
4549
4652
4430
4309
4231
4319
4192
4015
4056
3922
3952
3927
3858
4025
3834
4368
4640
4888
4863
4596
5167
4982
5061
4791
5055
5047
5121
5064
4779
5023
5111
5106
4871
5062
4898
5062
4731
4723
4327
4264
3991
3499
3092
2976
2937
2743
2613
2411
2147
1712
1276
1142
1216
1856
2431
2688
3133
3516
3575
3910
3917
4246
4415
4543
4671
4639
4567
4384
4607
4383
4492
4373
4301
4157
4268
4047
4004
4005
4007
3992
3872
4134
4296
4520
4677
4872
4697
4877
4975
5090
4839
4911
5115
5020
5123
5110
5223
5185
5171
5012
5133
5117
5119
4864
4701
4573
4207
3885
3723
3487
3196
2810
2837
2543
2551
2244
1645
1383
1180
1250
1646
1927
2574
3003
3192
3515
3672
4192
4182
4369
4499
4375
4603
4646
4440
4590
4882
4431
4513
4439
4412
4298
4139
4017
3879
4088
3918
3886
4008
4011
4311
4735
4823
4818
4959
5097
5082
4999
5135
5164
5009
5183
5096
5176
5177
5275
5199
5212
5255
5236
4906
4914
4429
4575
4306
4000
3647
3335
3030
2785
2668
2548
2378
2159
1759
1204
1223
1176
2218
2175
2642
2831
3497
3590
3684
3945
4458
4394
4863
4364
4681
4731
4607
4668
4636
4443
4575
4287
4410
4366
4338
4113
4031
4047
3929
4119
4175
4147
4527
4921
5007
5094
5033
5091
5188
5147
5329
5311
5187
5190
4375
5197
5279
5351
5061
5233
5262
5092
5033
4847
4799
4463
4102
3624
3431
3260
3039
2688
2753
2559
2230
2109
1535
1369
1175
1519
2018
2373
2847
3212
3451
3639
3995
4210
4377
4662
4517
4695
4682
4669
4655
4712
4663
4839
4523
4323
4367
4321
4585
4173
4123
3903
4085
4107
4183
4297
4631
4886
5141
4863
5338
5155
5461
5421
4928
5425
5186
5123
5151
5321
5134
5297
5334
5014
5105
5038
5039
4783
4471
4416
4108
3881
3358
3157
2991
2735
2603
2617
2339
1761
1513
1303
1423
1934
2326
2669
3035
3423
3660
3933
4211
4479
4632
4625
4635
4575
4823
4891
4816
4781
4736
4587
4648
4533
4397
4574
4297
4286
4164
4214
4223
4183
4249
4767
4918
4995
5061
5079
5447
5111
5276
5285
5300
5259
5320
5519
5104
5371
5174
5322
5281
5335
5004
5160
5116
4757
4693
4344
4082
3715
3407
3274
3287
2849
2707
2685
2417
1872
1483
1277
1503
2125
2536
2991
3356
3654
3933
3959
4607
4489
4619
4609
4625
4555
4888
4740
4875
5119
4903
4623
4605
4475
4305
4454
4437
4292
4191
4129
4101
4183
4391
4672
4991
4991
5141
5083
5285
5262
5246
5199
5475
5345
5303
5206
4979
5335
5436
5311
5325
5437
5417
5242
4837
4846
4485
4310
4007
3685
3426
3287
3127
2823
2703
2543
2215
1764
1220
1364
1775
2319
2765
3220
3509
3584
3892
4123
4382
4550
4687
4936
4753
4862
4879
4920
4940
4665
4659
4602
4488
4631
4490
4375
4248
4183
4265
4167
4223
4279
4389
4832
5072
5050
5236
5194
5431
5380
5312
5195
5382
5375
5332
5222
5209
5375
5463
5348
5231
5287
5272
5043
4860
4727
4462
4151
3828
3471
3093
2876
2750
2550
2414
2158
1570
1647
1315
1589
1999
2315
2792
3336
3443
3727
4013
4352
4413
4647
4720
4989
4743
4918
4807
4826
4818
4791
4588
4535
4767
4601
4559
4431
4386
4256
3983
4255
4331
4324
4742
5119
5153
5277
5370
5603
5303
5291
5583
5567
5585
5447
5326
5265
5451
5486
5249
5708
5329
5526
5342
5104
4637
4548
4392
4202
3773
3357
3198
2831
2689
2537
2294
2042
1631
1471
1495
1712
2171
2676
3071
3389
3734
3899
4193
4621
4621
4856
4679
4950
5060
5084
5152
4922
4991
4695
4823
4887
4912
4813
4451
4594
4417
4514
4336
4374
4456
4463
4953
5247
5295
5367
5299
5523
5483
5571
5423
5612
5581
5596
5472
5603
5515
5724
5607
5561
5453
5383
5325
5246
4771
4700
4371
4222
3503
3467
3167
2944
2767
2682
2387
1961
1621
1626
1647
1932
2516
2794
3358
3638
3858
4126
4289
4673
4885
4831
4974
5077
4947
5071
5003
4991
5068
4731
4799
4642
4821
4603
4521
4495
4451
4456
4493
4821
4511
4627
5062
5291
5401
5288
5689
5622
5463
5503
5707
5689
5604
5557
5725
5516
5700
5579
5595
5923
5863
5543
5300
4937
4839
4795
4493
4122
3797
3532
3219
3115
2828
2578
2422
2003
1430
1624
1727
2197
2623
2983
3256
3751
4040
4338
4607
4669
4801
5031
4992
4902
5051
5175
5138
5223
4943
4914
4822
4796
4914
4661
4643
4585
4519
4552
4553
4578
4535
4903
5371
5421
5399
5586
5319
5623
5749
5751
5819
5667
5704
5694
5557
5589
5800
5651
5777
5672
5674
5514
5435
5258
4798
4685
4392
3734
3643
3391
3046
2879
2719
2559
2236
1781
1498
1535
1822
2418
2758
3195
3679
3986
4347
4455
4744
4976
4979
4987
5178
5103
5190
5265
5266
5168
5121
5035
4986
4625
4745
4633
4765
4493
4618
4734
4632
4575
4781
5320
5383
5411
5631
5631
5435
5742
6434
5780
5759
5746
5828
5741
5635
5537
5643
5716
5643
5631
5697
5654
5375
5246
4986
4702
4528
4060
3661
3266
3039
2993
2783
2617
2166
1752
1855
1957
2341
2894
2991
3575
3792
4256
4439
4734
4829
4809
5066
5155
5312
5314
5045
5389
5193
5286
5082
5060
5087
5007
4887
4883
4813
4735
4671
4590
4711
4685
5078
5303
5567
5695
5671
5833
5646
5858
6003
5828
5828
5639
5878
5991
5800
5579
5837
5940
5699
5935
5479
5623
5555
5075
4976
4547
4343
3993
3641
3438
3095
2942
2863
2594
2253
1737
1659
1931
2271
2868
3244
3755
4052
4311
4479
4627
4655
5150
5183
5210
5101
5179
5466
5382
5228
5293
5163
4943
5063
4974
5006
4860
4715
4871
4629
4721
4751
4582
5126
5548
5285
5839
5535
5832
5817
5908
5734
5783
5783
5805
5791
5805
5826
5816
5742
5820
6005
5751
5737
5462
5452
5111
4607
4543
4173
3703
3298
3158
2958
2872
2629
2304
1839
1771
2086
2159
2391
2976
3487
3610
4137
4295
4527
4927
4832
5071
4975
5127
5455
5170
5247
5221
5119
5103
4921
5096
4825
4735
4798
4695
4723
4629
4732
4764
4719
4859
5375
5602
5670
5823
5812
6104
5959
5911
6193
5914
5817
5873
5829
5823
5740
5871
5967
5875
5764
5808
5809
5683
5397
5019
4879
4309
4074
3675
3513
3327
2993
2835
2744
1895
1733
1934
1885
2476
2728
3247
3626
4103
4383
4629
4814
5059
5077
5175
5404
5342
5492
5223
5475
5391
5341
5324
5207
5191
5161
4969
4919
4855
4863
4663
4711
4886
4813
5047
5526
5547
5823
5895
5744
5808
5871
6078
6015
6017
5922
5988
5879
6033
6793
5997
6074
6049
5918
5871
5768
5458
5131
5078
4911
4395
4006
3863
3551
3567
3325
3149
2934
2330
2079
2036
2188
2615
3079
3479
3733
4309
4387
4565
5093
5022
5281
5438
5648
5344
5421
5605
5575
5415
5440
5359
5207
5526
5131
4955
4909
4880
4743
4754
4739
4655
4988
5339
5614
5919
5824
5932
6097
6067
6135
5889
5991
5949
5989
5871
5963
6043
5965
5846
6188
6056
6167
5837
5751
5331
5207
4750
4647
4218
4103
3727
3787
3583
3538
3261
3126
2550
2074
2111
2276
2756
3348
3722
4220
4490
4305
4887
4872
5259
5284
5340
5428
5433
5560
5567
5527
5697
5252
5485
5256
5163
5409
5055
5099
5046
5100
5011
4932
4964
5077
5430
5804
5949
5647
6039
5988
6101
6200
6128
6151
6205
6170
6182
6015
5946
6223
6101
6079
5956
6169
5672
5709
5335
5237
4972
4570
4392
4113
3958
3839
3599
3455
3332
2879
2423
2169
2404
2700
3102
3426
4019
4176
4393
4750
4943
5269
5392
5413
5565
5539
5856
5568
5717
6015
5597
5503
5614
5585
5410
5586
5565
5648
5552
5605
5822
5945
6038
6759
6702
7151
6949
6304
6408
6641
6636
6611
6720
6964
7054
6727
6583
6286
6715
6686
6571
6309
6359
6039
5951
5657
5415
5177
4779
4561
4083
3912
3763
3523
3344
3190
2751
2053
1457
1740
1933
2060
2824
3123
3551
3751
4728
4502
4683
4815
4841
4909
5246
4939
5044
5079
4975
5037
5178
4889
4730
4799
4608
4854
4519
4456
4283
4431
4478
4496
4479
4949
5226
5336
5435
5487
5599
5375
5770
5612
5679
5519
5510
5564
5311
5557
5625
5710
5555
5355
5311
5121
5166
4990
4809
4639
4187
3835
3471
3327
3031
2909
2870
2587
2176
1473
1583
1695
1843
2319
2989
3239
3604
3887
4243
4538
4541
4891
4983
5274
5103
5071
5106
5145
5107
5063
4971
4900
4761
4696
4679
4539
4491
4543
4549
4375
4470
4423
4749
5038
5308
5596
5444
5501
5621
5625
5360
5339
5616
5563
5668
5602
5527
5305
5465
5733
5646
5424
5303
5049
5191
4931
4786
4108
3903
3605
3525
3148
2939
2933
2829
2476
1943
1451
1523
1631
2063
2473
2753
3295
3657
3909
4199
4198
4655
4727
4985
4754
4771
4787
4960
4898
4743
4821
4903
4863
4423
4581
4407
4408
4315
4333
4301
4319
4280
4361
4641
4987
5056
5039
5454
5453
5375
5437
5409
5294
5447
5444
5470
5329
5491
5415
5493
5339
5365
5156
5085
4861
4727
4790
4541
4150
3839
3480
3168
2971
2875
2669
2605
2012
1671
1439
1535
1535
1990
2618
2931
3425
3654
4048
4069
4192
4564
4559
4735
5044
4787
4768
4910
4707
4735
4767
4598
4581
4543
4447
4407
4370
4366
4261
4302
4169
4381
4495
4799
5103
5105
5178
5434
5439
5580
5111
5471
5502
5409
5435
5380
5469
5472
5539
5330
5428
5213
5213
5142
5206
4776
4525
4220
3791
3561
3295
3128
2956
2781
2580
2067
1889
1477
1324
1061
1664
2143
2510
3135
3444
3485
3861
4263
4421
4343
4521
4500
4639
4751
4806
4716
4687
4583
4583
4495
4414
4303
4299
4292
4272
4223
4167
3972
4040
4201
4479
4637
4967
4976
5180
5223
5095
5176
5289
5303
5369
5215
5779
5200
5289
5051
5195
5132
5100
5129
5030
5015
4767
4503
4160
3885
3487
3195
3147
2983
2575
2559
2480
2159
1691
1205
1149
1290
1888
2339
2879
3099
3772
3435
3735
4263
4429
4127
4380
4613
4445
4676
4494
4591
4515
4607
4385
4442
4458
3996
4328
4164
4179
4019
4092
4091
4233
4161
4537
4910
4879
4834
5205
5436
5303
5165
5275
5299
5253
5283
5197
5027
5134
5198
4994
5167
5138
5097
5022
4665
4559
4361
4104
3633
3542
3314
3016
2943
2683
2623
2382
1999
1789
1245
1135
1571
1985
2576
2761
3445
3639
3780
3935
4442
4294
4564
4418
4601
4681
4762
4735
4679
4693
4576
4607
4434
4055
4318
4299
4158
4171
4121
3999
4123
4196
4238
4577
4801
4967
4999
5109
5296
5200
5079
5260
5423
5455
5023
5007
5159
5203
5177
5053
5887
5007
4807
4992
4779
4524
4300
3679
3633
3345
3065
3027
2858
2799
2460
2475
2064
1561
1228
1205
1832
2134
2592
3093
3479
3595
3829
3883
4343
4409
4338
4631
4634
4659
4639
4617
4736
4604
4254
4565
4471
4407
4287
4191
4149
4022
4072
4131
4015
4255
4479
4820
4847
5140
5115
5227
5214
5198
5332
5183
5161
5348
5061
5439
5151
5149
5276
5275
5035
5294
4983
4943
4695
4724
4537
4070
3499
3418
3127
3131
2871
2767
2624
2499
1756
1431
1366
1504
1903
2485
2848
3181
3638
3701
4136
4845
4607
4515
4912
4641
4613
4747
4511
4795
4762
4575
4643
4386
4583
4267
4299
4388
4224
4206
3918
4099
4088
4332
4567
4911
4798
5051
5178
5272
5292
5621
5452
5373
5247
5245
5482
5379
5263
5324
5170
5447
5311
5095
5107
4975
4751
4551
4364
3937
3675
3335
3168
3089
2870
2711
2681
2234
1705
1227
1399
1747
2300
2337
3119
3287
3741
3866
4073
4392
4663
4362
3410
4927
4757
4703
4634
4727
4607
4697
4351
4611
4525
4444
4436
4495
4255
4099
4246
4252
4342
4365
4719
4992
4970
5103
5254
5350
5323
5195
5414
5399
5135
5256
5343
5269
5311
5337
5247
5032
5247
5434
4982
4740
4601
4339
4130
3673
3269
3215
3160
3055
2786
2779
2502
1911
1515
1395
1365
1757
2402
2644
3114
3327
3836
3988
4376
4368
4605
4584
4699
4815
4847
4778
4925
4700
4723
4451
4735
4594
4563
4450
4175
4188
4212
4275
4146
4263
4306
4522
4928
5077
5481
5313
5348
5365
5375
5450
5373
5254
5471
5263
5348
5247
5259
5337
5392
5415
5227
5219
4909
4770
4532
4423
4117
3599
3479
2974
2675
2494
2457
2201
2046
1485
1431
1395
1495
2055
2419
3061
3211
3487
3773
3896
4276
4694
4623
4703
4671
4734
5023
4854
4927
4639
4769
4831
5247
4667
4434
4382
4304
4383
4179
4190
4095
4340
4497
4632
5072
5099
4935
5269
5345
5375
5274
5607
5354
5239
5319
5468
5195
5274
5324
5495
5357
5392
5351
5028
5118
4757
4723
4264
3973
3611
3351
3255
3019
3053
2751
2585
2215
1846
1535
1417
1803
2239
2754
2999
3394
4027
3925
4247
4445
4520
4503
4623
4991
4900
4832
4880
4689
4779
4778
4835
4667
4459
4300
4487
4029
4296
4235
4115
4159
4320
4475
4997
5050
5044
5336
5201
5474
5103
5471
5419
5285
5391
5495
5357
5408
5435
5437
5438
5493
5434
5460
5132
5047
4868
4544
4271
3988
3712
3415
3238
3192
2943
2846
2771
2230
1919
1544
1445
2205
2543
3039
3092
3487
3923
4036
4583
4495
4777
4886
5117
4839
5066
4839
5022
4916
4863
4783
4691
4735
4629
4607
4590
4447
4307
4323
4414
4331
4399
4628
4967
5161
5279
5387
5459
5598
5496
5383
5627
5466
5147
5442
5530
5551
5628
5355
5477
5720
5473
5412
5240
4807
4959
4663
4351
3863
3679
3370
3227
3175
3099
2847
2639
2075
1612
1571
1744
2164
2581
2999
3411
3891
3935
4381
4607
4731
4813
4683
4757
5044
4988
4982
5063
4895
4957
4829
4716
4616
4631
4575
4648
4538
4383
4486
4599
4534
4592
4959
5111
5415
5402
5385
5563
5591
5607
5879
5909
5631
5620
5495
5506
5611
5850
6039
5628
5561
5631
5358
5029
5254
5035
4725
4255
4002
3915
3449
3389
3175
3117
2914
2431
1987
1611
1672
2186
2515
3106
3315
3583
4007
4359
4485
4877
4787
4791
4945
5177
5147
4990
5121
5015
5124
4879
5079
4961
4733
4610
4982
4509
4606
4527
4541
4533
4623
4727
5084
5573
5375
5375
5556
5737
5799
5733
5727
5535
5523
5581
5708
5871
5802
5736
5699
5663
5538
5505
5296
5247
4841
4699
4399
4165
3880
3439
3463
3117
2999
2839
2672
2158
1615
1700
1834
2200
2647
3035
3562
3817
4004
4423
4817
4525
4874
4979
5093
4888
5327
5207
4995
5183
4999
5048
5044
4829
4597
4923
4675
4807
4552
4623
4467
4603
4707
5063
5296
5472
5419
5647
5687
5571
5631
5482
5743
5798
5740
5713
5607
5563
5537
5679
5804
5695
5884
5562
5380
5207
5076
4683
4399
4135
3910
3481
3328
3143
3059
2951
2717
2039
1853
1537
1931
2619
2967
3399
3579
3721
4351
4485
4649
4976
4987
5124
5164
5055
5011
5151
5271
5036
4895
4928
4847
4765
4951
4627
4607
4562
4531
4607
4646
4623
4563
5119
5445
5351
5467
5663
5641
5684
5791
5842
5588
5631
5703
5702
5655
5583
5427
5597
5769
5752
5711
5328
5239
4981
4840
4666
4141
3999
3709
3479
3223
3209
3033
2883
2477
1817
1788
1710
2194
2633
3127
3439
3826
3916
4433
4690
4846
4654
4991
5148
5069
5198
5159
5025
5209
5100
5019
5145
5058
4767
4816
4863
4615
4687
4575
4463
4581
4671
5031
5353
5398
5581
5576
5543
5623
5718
5887
5833
5779
5727
5925
5589
5679
5681
5701
5813
5776
5583
5651
5564
5294
4868
4696
4463
4041
3960
3527
3385
3215
3142
3039
2728
2163
1736
1745
1860
2303
2732
3156
3511
3877
4141
4439
4719
4971
4795
5041
5434
5037
4935
5279
5107
5130
5015
5117
5407
4936
4957
4765
4751
4813
4557
4649
4572
4503
4688
5020
5351
5399
5751
5769
5719
5791
5736
5784
5775
5668
5653
5813
5692
5863
5624
5606
5695
5750
5820
5631
5341
5248
5044
4501
4429
4063
3567
3400
3222
3087
2888
2661
2329
1794
1807
1662
2047
2565
3041
3242
3787
3951
4254
4436
4839
5119
5235
5215
5040
5178
5274
5225
5447
5335
5129
5055
4875
4991
5055
4592
4747
4639
4663
4706
4679
4780
4938
4957
5799
5527
5482
5589
5629
5807
5935
5992
5925
5933
6050
5782
5929
5968
6023
5627
5878
6023
5983
5587
5431
5343
5100
4815
4648
4104
3707
3583
3314
3166
3130
3055
2559
2107
1919
1942
2433
2921
3392
3677
3971
4363
4697
4669
5051
5150
5255
4955
5400
5493
5453
5527
5371
5307
5237
5527
5047
5023
5157
4862
4860
4927
4768
4845
4854
4935
5133
5558
5667
5998
6111
5951
6134
6181
5956
5591
6030
5835
5965
6031
5846
6583
5952
6126
6206
6315
6037
5858
5596
5725
5199
4918
4474
4152
3808
3531
3439
3561
3183
2791
2495
1869
2095
2321
3016
3285
3862
4078
4487
4740
4958
5103
5230
5604
5741
5759
5631
5557
5631
5572
5312
5187
5172
5471
5023
4979
4930
4898
4797
4607
4787
4739
5072
5011
5177
5685
5775
5858
5712
6033
6111
5911
5933
6039
6035
6043
5722
6038
6223
5961
6054
5947
5983
6005
5813
5511
5502
5253
4925
4631
4294
4015
3711
3493
3195
3172
2881
2571
2405
2167
2463
2547
2921
3313
3786
4197
4393
4870
4888
6222
5503
5498
5478
5474
5685
5745
5722
5878
5708
5488
5450
5419
5743
5172
4831
4815
4628
4586
4373
4532
4591
4725
4887
5404
5415
5560
5775
5600
5604
5775
5649
5821
5491
5628
5524
5542
5653
5994
5770
5619
5868
5530
5542
5323
5247
5080
4687
4335
4026
3658
3375
3367
3083
2893
2629
2111
1763
2008
1807
2540
3147
3239
3704
4193
4256
4527
4683
4883
4878
5141
5239
5181
5502
5390
5272
5163
5167
5079
5013
4926
4942
4911
4855
4816
4913
4903
4745
4844
4841
5163
4551
4815
5098
5151
5231
5470
5615
5619
5599
5702
5625
5543
5428
5702
5807
5792
5887
6783
5839
5743
5224
5343
5219
4767
4650
4048
3901
3191
3239
3087
2696
2790
2231
2109
1823
1839
2262
2667
3279
3835
4052
4341
4439
4999
5304
5453
5631
5823
5722
5749
5822
5663
5821
5851
5540
5502
5264
5710
5105
5298
4916
5079
4991
4987
5051
4958
5196
5383
5711
5750
6128
6071
6177
6380
6235
6267
5985
6071
6128
5860
4567
4718
4543
4838
4629
4878
4956
4562
4606
4454
4153
4063
3818
3369
3071
2768
2538
2445
2201
2063
1607
1231
1171
1263
1669
2256
2737
3252
3479
3815
4113
4362
4324
4199
4299
4234
4429
4239
4517
4460
4591
4286
4299
4157
3984
4118
3799
4030
4073
3879
3753
3829
3941
4003
4303
4587
4748
4927
4924
4907
4932
4921
5168
4934
4935
4889
4854
4902
4895
5005
5077
5054
4999
5005
5271
4938
4679
4568
4251
3791
3773
3601
3343
3123
3135
2832
2799
2581
2149
1515
1311
1366
1942
2299
2661
3111
3479
3537
3951
4335
4199
4533
4471
4895
4893
4676
4863
5079
4735
4730
4633
4754
4568
4359
4519
4295
4213
4395
4252
4187
4229
4404
4702
4983
5056
5055
5183
5406
5000
4744
4919
4947
4839
4909
4667
5104
4731
4768
4664
4655
4651
4832
4502
4555
4367
4144
3846
3599
3426
3327
3280
2859
2771
2628
2583
2156
1727
1269
1212
1448
1783
2388
2495
2826
3327
3343
3367
4159
3982
3871
3992
4093
4115
4330
4319
4375
4319
4311
4383
4485
4559
4194
4011
4132
4132
3988
3871
3811
4083
4165
4581
4892
4787
5095
5076
5243
5331
5320
5413
5219
5295
5329
5062
5592
5479
5404
5545
5208
5163
4933
5079
4735
4477
4451
3984
3744
3481
3327
3307
3202
3041
2943
2937
2670
1902
1625
1637
2095
2810
2865
3401
3853
3807
4539
4679
4823
4777
4983
5105
5175
5832
5641
5545
5792
6127
6079
5774
5264
5443
5167
5190
5125
4912
4962
4865
4815
4859
5141
5582
5684
5812
5631
5887
5874
5863
6029
6088
6181
5887
5891
6039
5897
5971
6061
6233
6079
5971
5871
5477
5178
4820
4687
4255
4013
3799
3473
3331
3572
3239
2962
2651
2010
1551
1535
1748
2343
2797
3367
3943
4323
4527
4833
4683
4920
4915
4514
4595
4747
4359
4582
4687
4951
4445
4351
4359
4404
4080
4158
4190
4023
4080
4032
4263
4071
4038
4484
4698
4875
4863
5115
5055
5209
4983
5284
5354
5272
5056
5201
5063
5151
5391
5351
5112
5245
5088
5192
5113
4846
4824
4337
3917
3874
3367
3298
2928
2855
2859
2599
2238
1722
1461
1474
1627
2435
2767
2943
3414
3623
4079
4287
4519
4647
4739
5936
5021
4641
5258
4919
4879
5066
4927
4918
4806
4715
4687
4591
4830
4751
4615
4581
4680
4806
5041
5659
5697
6014
6028
6285
6591
6892
6887
6598
6606
6495
6679
6748
6999
7119
6822
6741
6414
5975
5872
5833
5571
5387
5226
5209
4807
4313
4297
4241
4205
3967
3732
3864
3487
3037
2919
2923
3454
4073
4351
4395
4841
5047
5122
5315
5602
5695
5848
5791
5821
5898
6075
5936
5932
5919
4919
4743
4476
4416
4215
4200
4072
4144
4127
3973
4111
4239
4554
4959
5147
4959
4957
5108
5283
5330
5190
4959
5207
5071
5243
4839
5229
5141
4998
5113
5193
4975
5145
4843
4505
4479
4268
3915
3679
3361
3231
2990
2943
2911
2461
2383
1935
1457
1423
1663
1928
2462
2943
3305
3737
3896
4239
4290
4621
4381
4616
4545
4581
4555
4781
4679
4752
4693
4477
4467
4243
4331
4306
4248
4120
4202
4058
4186
4119
4420
4426
4999
5012
5051
5292
5318
5237
5415
5367
5215
5330
5256
4968
5063
5170
5304
5168
5099
4989
5112
5021
4940
4573
4290
4205
3864
3509
3057
2901
2727
2527
2545
2342
2013
1544
1242
1397
1663
2223
2525
3119
3388
3375
3986
4241
4273
4533
4751
4804
4948
4907
4774
4743
5016
4783
4719
4531
4747
4379
4475
4458
4347
4296
4279
4359
4282
4501
4709
5106
5479
5325
5349
5294
5435
5373
5357
5510
5548
5461
5217
5354
5542
5426
5448
5484
5385
5486
5355
5143
5065
4763
4656
4262
3867
4222
3562
3409
3143
3051
2860
2727
2302
2091
2039
2383
2551
3223
3597
4168
4374
4797
5175
5874
5815
5967
5786
6165
6255
6084
6253
6322
5646
5404
5311
5173
5044
4992
4995
4735
5062
4831
4950
4906
4878
5038
5483
5791
5646
5847
6112
6088
6143
6039
6146
6185
6095
5959
5811
5791
6327
6778
6119
6016
6042
5503
5551
5052
5238
5028
4664
4079
3860
3726
3447
3219
3050
2791
2863
2540
1916
1791
1708
1996
2531
3188
3594
3692
4015
4420
4725
4905
4829
5055
5188
5351
5226
5481
5410
5248
5247
5059
5151
4987
5042
5062
4869
4991
4943
4862
4769
4907
4935
5207
5575
5903
5863
6168
6032
6247
6104
6184
5924
6032
6142
5927
5969
6013
6011
6543
6171
6345
6158
5732
5499
5543
5103
5098
4649
4554
3994
3704
3341
3347
3145
2943
2822
2383
2007
1807
1833
2418
2773
3351
3858
4065
4287
4632
5483
5001
5187
5247
5621
5674
5543
5572
5531
5502
5613
5434
5159
5383
5131
5123
5207
5157
4791
4957
4902
5007
5012
5303
5554
5743
5724
5997
6037
6041
5957
6204
6052
6141
6127
5995
5824
5996
6031
6004
6039
5875
5996
5898
5792
5742
5485
5398
4769
4461
3955
3867
3479
3376
3026
2810
2556
2064
1815
1970
1843
2319
2894
3451
3728
4109
4353
4831
4801
5108
4965
5259
5731
5362
5657
5433
5628
5519
5259
5527
5069
5219
5067
5038
5055
4896
4888
4847
4801
4788
4800
5070
5514
5716
6189
5813
5747
5759
6127
6127
5835
5407
5649
5699
5742
5926
5668
6018
5772
5711
5807
5587
5614
5248
5081
4992
4111
4155
3986
3465
3675
3319
3059
3006
2543
2143
1563
1769
2203
2783
3227
3391
3433
4181
4702
4680
5129
4980
5147
5305
5181
5442
5322
5329
5340
5265
4966
4987
5226
5061
4985
5013
4965
5079
4823
4796
4925
4775
5313
5567
5722
5813
5858
5868
5908
5890
5973
6001
5964
6026
5977
6028
5855
5920
5935
5911
6217
5735
5784
5584
5551
5213
5078
4765
4509
4041
3865
3708
3671
3547
3047
3166
2663
2128
1998
1896
2572
2964
3439
3759
4143
4300
4607
4845
4907
5370
5277
5327
5375
5494
5303
5336
5180
5327
5314
5243
5183
5087
4952
4986
4923
4744
4876
4854
4923
5061
5238
5942
5717
5702
5930
5790
6157
6269
5863
6307
5800
6191
6149
5974
6145
6015
6207
6333
6059
6111
5870
5707
5651
5565
5361
4855
4639
4431
4026
3804
3497
3420
3167
2798
2461
2047
1865
652
1376
2012
2300
2613
2687
3137
3308
3600
3871
4109
4196
4372
4261
4223
4267
4433
4363
4263
4188
4352
4198
4216
4011
3970
4085
4006
3908
3862
4111
4109
4543
4818
4792
4803
5055
5183
5169
5084
5244
5231
5196
4964
5399
5174
5352
5360
5219
5124
5215
5675
5235
5011
4603
4669
4395
4047
3817
3679
3447
3327
2952
3020
2775
2360
2013
1767
1569
2059
2370
2794
3215
3634
3995
4189
4303
4754
4661
4951
5102
4903
5173
5498
5503
5450
5355
5159
4907
4675
4594
4655
4638
4555
4623
4623
4717
4756
4615
4861
5375
5527
5627
5492
5605
5645
5711
5440
5415
5399
5450
5451
5313
5317
5529
5502
5883
5815
5668
5516
5231
5369
4907
4843
4612
4527
3978
3839
3681
3707
3455
3207
2965
2891
2151
2051
2111
2589
3198
3565
4014
4370
4863
4989
5115
5374
5416
5701
5551
5695
5615
5204
5146
5015
5296
5131
5135
5029
4999
4511
4799
4721
4767
4715
4719
4763
4939
5245
5559
5499
5588
5729
5944
5864
5687
5759
5762
5966
5975
6047
5807
5792
6008
5991
5824
5695
5838
5775
5624
5150
4958
4735
4419
4311
4020
3716
3231
3306
3159
2890
2644
2239
1755
1772
1907
2538
2967
3455
4112
3897
4549
4648
4983
5223
5025
5164
5155
5339
5257
5177
5389
5366
4913
5344
5288
5047
4808
5134
5175
4888
4557
4666
4599
4522
4687
5011
5350
5465
5552
5479
5560
5904
5863
5714
5751
5795
6071
5325
5801
5951
5891
6585
6028
5749
5791
5620
5578
4703
4505
4332
3767
3544
3223
3034
2881
2680
2643
2383
1951
1477
1327
1487
1967
2422
2795
2827
3231
3241
3446
3827
4122
4199
4299
4517
4569
4567
4663
4597
4703
4701
4596
4419
4433
4232
4367
4299
4275
4145
4167
4312
4045
4139
4283
4902
4847
5167
5286
5517
5278
5475
5370
5591
5575
5679
5548
5582
5759
5887
5839
6166
6031
6391
6271
6027
5839
5374
5270
5092
4703
4267
4030
3691
3420
3210
2964
2871
2332
2142
1663
2148
2233
2415
3239
3603
3967
4294
4615
4726
4898
5016
5020
5154
5279
5171
5199
4603
4546
4280
4167
4144
3903
3764
3743
3663
3599
3583
3399
3545
3510
3723
4011
4435
4426
4691
4723
4719
4748
4786
4982
4807
5143
5060
5052
5231
5227
5309
5391
5498
5285
5436
5091
4995
5049
4883
4611
4351
3899
3767
3519
3290
3192
3027
2829
2413
1943
1662
1803
2247
2426
2859
3174
3735
4125
4224
4043
4939
4827
4610
4873
4980
4895
4894
5036
5082
4992
5092
4783
4935
4935
4827
4852
4733
4683
4555
4539
4595
4694
4784
5228
5472
5695
5306
6100
5624
5276
5175
5103
5213
5255
5076
5190
5190
4878
5543
5321
5326
5055
5135
5080
5010
4708
4305
4271
3935
3366
3313
3005
2884
2971
2683
2476
2158
1773
1519
1769
2163
2596
2769
3089
3513
3767
3945
4382
4543
4846
4523
4191
4568
4561
4605
4521
4601
4480
4693
4758
4527
4591
4330
4307
4071
4383
4356
3835
4345
4345
4784
5131
5255
5311
5210
5303
5438
5711
5831
5619
5833
5854
5955
6184
6066
6161
6604
6234
6271
6091
6167
6119
5856
5631
5438
5035
4591
4252
3740
3542
3452
3359
3018
2800
2343
1973
1898
2037
2323
3154
3367
3839
4012
4242
4461
4624
4988
4833
5138
5176
4927
5103
5337
5231
5092
4900
4913
4891
4923
4663
4585
4593
4607
4498
4597
4410
4519
4457
4911
5221
5329
5515
5631
5575
6062
5666
5923
5999
5925
5983
6047
5947
6176
6119
6391
6250
6143
6143
6043
5779
5782
5383
5357
4862
4349
4137
3812
3503
3428
2902
2602
2304
1882
1599
1554
1903
2503
3099
3103
3694
3915
3983
4398
4596
4608
4670
4860
4860
4735
4918
4729
4850
4737
4623
4601
4719
4239
4468
4143
4104
4114
4071
4046
4210
4315
4440
4791
4969
5039
5415
5344
5355
5322
5342
5654
5740
5529
5660
5695
5732
5805
5808
5927
5624
5779
5731
5642
5426
5007
5021
4703
4228
3949
3575
3519
3239
2973
2907
2587
2280
1735
1601
1651
2102
2495
2863
3383
3639
3823
4107
4128
4596
4556
4765
4650
5014
4668
4781
4896
4679
4546
4388
4585
4235
4334
4335
4319
4130
4028
3737
3985
3943
4148
4538
4607
5001
4877
5093
5111
5273
5383
5408
5541
5537
5512
5528
5583
5814
5724
5635
5784
6031
5878
5636
5696
5363
5140
4819
4465
4119
3767
3592
3271
3188
3002
2577
2522
2027
1574
1387
1684
2243
2862
2970
3342
3623
3919
4208
4561
4485
4518
4463
4534
4572
4783
4733
4229
4707
4473
4607
4649
4319
4319
4247
4201
4174
4015
4107
4101
4315
4179
4632
4479
5001
5233
5077
5403
5310
5392
5240
5575
5533
5531
5868
5753
5707
5895
5783
5781
5670
5717
5803
5511
5368
4795
4671
4479
3869
3673
3519
3079
3043
2831
2633
2245
1557
1493
1535
2031
2271
2673
2879
3559
3746
3846
4191
4390
4573
4749
5253
4735
4780
4500
4686
4797
4601
4407
4461
4425
4477
4228
4231
4231
4206
4060
4095
4027
3904
4392
4757
4943
5107
5132
5131
5010
4943
5405
5397
5513
5676
5524
5599
5764
5751
5998
5746
5827
5595
5628
5679
5459
5199
4845
4480
4158
3761
3529
3219
3035
2807
2589
2455
2003
1410
1125
1453
2153
2479
2776
3195
3565
3820
3852
4287
4632
4604
4447
4593
4757
4751
4888
4643
4668
4468
4448
4360
4303
4196
4685
4146
3981
4076
4012
4067
3961
4089
4511
4754
4919
4723
5037
5099
5294
5296
5370
5555
5455
5645
4971
5672
5834
5640
5699
5855
5866
5635
5649
5230
5322
5230
4753
4447
4287
3666
3605
3295
3468
2935
2757
2535
1947
1546
1503
1795
2189
2811
3145
3368
3703
3815
4271
4076
4512
4739
4502
5068
4447
4560
4772
4736
4588
4489
4454
4498
4438
4343
4188
4296
4030
4108
3929
3967
4185
4151
4653
4848
5103
4905
5136
5294
5231
5192
5576
5543
5480
5695
5636
5540
5745
5551
5607
5751
5818
5723
5567
5375
5050
4887
4646
4125
3767
3551
3363
3124
2753
2798
2485
2228
1567
1479
1446
1959
2503
2852
3240
3531
3873
3839
4431
4221
4511
4463
4683
4648
4591
4567
4654
4477
4558
4668
4440
4201
4071
4365
4211
4191
4047
3964
3892
4040
4059
4482
4706
4927
4989
5286
5062
5304
5320
5387
5295
5656
5583
5966
5631
5833
5903
5759
5991
6022
5870
5817
5664
5369
5055
5039
4611
4279
3946
3623
3511
3372
3049
2821
2583
2143
1675
1492
1747
2230
2677
3020
3558
3704
4289
4151
4580
4470
4878
4545
4699
5023
4919
4997
4999
4792
4637
4814
4575
4605
4492
4465
4283
4223
4165
4246
3975
4331
4211
4623
4960
5101
4943
5186
4989
5465
5373
5502
5642
5506
5839
5691
5803
5739
5775
5774
6033
5877
5775
5823
5549
5319
5077
4894
4570
3868
3752
3291
3221
3081
2887
2682
2431
1830
1432
1602
1969
2534
2847
3240
3422
3683
4157
4578
4454
4355
4707
4670
4703
4721
4860
4706
4727
4555
4571
4889
4501
4260
4376
4266
4493
4031
4208
3922
4159
4251
4546
4847
5167
4973
5503
5214
5175
5439
5517
5494
5478
5695
5592
5695
5412
5782
5631
5840
5730
5391
5900
5503
5432
5028
4806
4599
4379
3691
3327
3183
2847
2643
2774
2303
1780
1470
1394
1568
1868
2359
2505
3210
3501
3835
3879
4283
4519
3934
4419
4902
4861
4822
4991
4897
4702
4703
4511
4467
4364
4120
4305
4307
4316
4169
3867
4007
4168
4144
4405
5052
4886
5079
5093
5269
5295
5372
5451
5667
5566
5758
5673
5551
5596
5657
5879
5555
5845
5677
5496
5373
5081
4954
4566
4193
4129
3577
3091
2895
2698
2455
2249
1866
1452
1240
1463
1720
2412
2468
3063
3191
3709
4317
4063
4395
4775
4619
4848
4678
4727
4774
4669
4425
4668
4533
4490
4458
4391
4927
4273
4111
4120
4159
3984
4037
4113
4223
4655
4781
4920
5154
5037
5213
5487
5506
5343
5351
5488
5471
5534
5428
5679
5505
5479
5776
5677
5549
5411
5375
5087
4795
4575
4196
3711
3503
3174
2885
2776
2672
2424
1827
1385
1335
1427
1929
2159
2701
3135
3416
3661
4078
3735
4407
4572
4701
4615
4627
4682
4831
4636
4730
4528
4619
4506
4291
4343
4412
4339
4215
3991
4117
4071
4031
4159
4495
4709
5000
4895
5199
5177
5357
5463
5568
5587
5778
5693
5622
5738
5771
5735
5677
6006
5732
5775
5659
5420
5333
5054
4922
4427
4213
3807
3313
3197
3071
2781
2577
2415
1807
1359
1503
1574
2104
2586
2859
3294
3564
3871
4063
4338
4554
4358
4717
4528
4479
4820
4523
4845
4649
4332
4496
4365
4466
4294
4260
4246
3995
3933
3893
4252
3884
4175
4566
4823
5000
5013
5031
5247
5236
5435
5406
5350
5387
5501
5609
5595
5589
5777
5949
5951
5531
5699
5855
5571
5438
4966
4809
4502
4189
3976
3733
3519
3431
3148
2874
2573
2211
1694
1628
1913
2370
2868
3368
3609
3739
4062
4293
4792
4729
4639
4686
4837
4640
4792
4840
4669
4626
4549
4415
4393
4520
4311
4250
4318
4285
4188
4299
4214
4230
4464
4829
5037
5198
5175
5159
5314
5450
5440
5615
5617
5832
5640
5823
6122
5895
6089
6160
5973
5933
5951
5605
5651
5009
4798
4679
4519
4168
3989
3567
3595
3351
3284
2887
2368
1999
1604
1705
2155
2608
2989
3375
3708
4137
4370
4979
4623
4667
4860
4727
4871
5055
4810
4831
4959
4732
4591
4431
4812
4316
4350
4066
3863
4024
4124
4122
4133
4375
4639
4863
4990
5136
5229
5129
5365
5359
5531
5498
5588
5727
5759
5791
5728
6076
5845
5908
6061
5823
5810
5586
5473
5243
4943
4635
4775
3766
3605
3466
3359
2943
2706
2572
2013
1663
1576
1901
2311
2910
2955
3296
3823
4026
4307
4492
4559
5031
4687
4893
4836
5006
4711
4751
4652
4637
4804
4648
4447
4430
4319
4239
4255
4215
4083
4110
4068
3937
4607
4828
4959
5055
5279
5359
5519
5643
5564
5679
5695
5662
5648
5893
5799
5887
5951
6015
5911
6007
5829
5628
5679
5282
4909
4473
4071
3695
3530
3369
3159
2948
2758
2332
1886
1710
1983
2310
2871
3230
3705
4121
4339
4571
4860
4861
4877
5147
5213
5244
5235
5489
5292
5347
5212
5071
5332
5248
4917
4840
4830
4827
4675
4735
4702
4748
4855
5223
5598
5654
5631
5720
5419
5628
5752
5778
5687
5630
5575
5611
6085
5403
5436
5383
5887
5207
5201
5055
4805
4603
4393
4103
3825
3455
3092
3005
2759
2591
2525
2315
2041
1535
1115
1243
1333
1799
2258
2615
3192
3301
3470
3498
3955
4170
4247
4364
4212
4402
4547
4246
4309
4335
4118
4007
4032
3864
3769
4006
3806
3801
3573
3698
3606
3759
3880
4199
4372
4495
4561
4808
4909
4879
5063
4977
5228
4979
5023
5235
5318
5154
5240
5341
5624
5658
5583
5480
5341
5213
4693
4704
4081
3755
3431
3071
2980
2783
2600
2322
2090
1467
1207
1423
1701
1945
2700
2756
3995
3542
3875
3892
4128
4215
4056
4420
4327
4630
4475
4510
4459
4382
4529
4365
4159
3847
4156
4019
4019
4015
3888
3954
3857
3953
4101
4709
4834
5007
4923
5129
5273
5285
5399
5238
5436
5561
5391
5711
5591
5759
6286
6032
5991
5865
5919
5887
5613
5296
5064
4910
4479
4101
3885
3590
3472
3328
3143
2973
2404
1939
1983
1843
2488
2917
3325
3604
3847
4479
4386
4815
4991
5111
5124
5192
5351
5161
5291
5431
5257
5438
4863
4967
4718
4768
4498
4455
4396
4300
4303
4199
4278
4387
4501
5091
5097
5330
5522
5343
5303
5723
5804
5647
5755
5594
5764
5983
6104
5951
6215
6111
6235
6156
5904
5711
5222
5256
5070
4655
4527
3903
3701
3462
3257
3134
2706
2590
2291
1775
1741
2173
2556
2856
3080
3610
3888
4111
4257
4471
4758
4683
4767
4847
4751
4704
4905
4927
4817
4967
4465
4543
4491
4494
4499
4377
4147
4209
4247
4317
4195
4364
4697
5044
5015
5067
5350
5210
5629
5335
5501
5771
5913
5759
5683
5843
5916
5942
6107
6139
6017
5975
5895
5548
5459
5075
4635
4171
4085
3499
3618
3205
3070
3058
2575
2243
1702
1631
1763
2191
2662
2847
3435
3615
3923
4067
4352
4287
4593
4541
4992
4767
4783
4872
4685
4772
4390
4469
4335
4290
4366
4393
4235
4181
4223
4181
4003
4112
4223
4540
4815
4942
5227
5159
5223
5218
5300
5387
5621
5507
5631
5485
5629
5788
6099
5950
6032
5879
5765
5758
5967
5258
5007
4608
4655
3887
3507
3389
3063
2778
2654
2379
1959
1791
1287
1326
1499
1883
2231
2716
3147
3698
3485
3791
4207
4117
4412
4276
4540
4493
4558
4423
4460
4493
4280
4245
4218
4039
3975
3888
3932
4038
3946
3795
3839
3873
3983
4427
4660
4783
4888
4743
4927
5143
5315
5344
5270
5486
5498
5537
5467
5583
5642
5693
5879
5543
5858
5518
5439
5332
4900
4694
4342
3902
3775
3369
3051
2890
2703
2508
2063
1748
1526
1492
1958
2303
2789
3018
3457
3752
3950
4159
4519
4484
4583
4724
4656
4754
4557
4695
4627
4726
4607
4672
4431
4411
4377
4345
4191
4238
4203
4076
4031
4151
4343
4776
4957
5119
5121
5150
5294
5448
5512
5374
5764
5672
5792
5776
5907
6157
6045
6064
6284
6037
6019
5967
5950
5631
5461
5011
4815
4404
3964
3786
3583
3389
3239
2858
2431
1895
1997
1880
2719
3299
3436
3583
3949
4296
4303
4695
4758
4843
4810
5131
5087
5031
5191
5117
4887
4876
4911
4950
4639
4463
4619
4558
4284
3946
4000
4010
4167
4231
4570
4760
4871
5103
5183
5183
5336
5375
5501
6120
5486
5513
5716
5682
5698
5887
6079
6087
5953
5994
5791
5663
5502
5248
5019
4650
4327
4046
3791
3643
3307
3285
2930
2570
2239
1839
1515
2140
2511
2871
3263
3527
3844
4300
5077
4741
4863
4985
4992
5264
5322
5015
5019
5115
5157
4789
4841
4956
4693
4800
4703
4371
4469
4407
4463
4324
4553
4637
4878
5271
5418
5270
5607
5576
5804
5651
5985
5924
6040
6293
5954
6054
5983
6514
6313
6185
6463
6263
5984
5972
5663
5435
5053
4607
4532
4323
4012
3695
3531
3439
3173
2775
1732
1912
2111
2515
2939
3186
3711
4108
4319
4479
4948
4910
5017
4997
5136
5146
5556
5311
5193
5135
5191
5125
4859
4699
5006
4585
4549
4349
4447
4234
4385
4302
4649
4573
5082
5139
5244
5447
5622
5271
5631
5908
5711
5727
5851
6111
5972
6061
6139
6143
6247
6141
6265
6254
5908
5737
5616
5242
4887
4592
4330
4056
3787
3622
3455
3245
2998
2584
2061
1604
1947
2481
2827
3199
3513
3925
4123
4442
4447
3664
4831
4962
4846
4855
4923
4946
4909
4639
4592
4486
4543
4560
4536
4361
4240
4182
4218
4148
4113
4049
4162
4751
4795
5089
4921
5375
5516
5463
5604
5631
5759
5691
6047
5790
5631
5859
6051
6407
6393
6130
6175
5903
5982
5902
5462
5147
4672
4367
4057
3765
3552
3400
3238
2943
2703
2245
1603
1826
2203
2662
2992
3343
3584
4010
4279
4558
4773
4855
4648
4929
5066
4918
4892
5240
4904
4834
4813
4846
4807
4584
4555
4421
4454
4391
4095
4295
4210
4382
4716
4928
5095
5317
5476
5393
5672
5557
5687
5655
5647
6055
5911
5783
5847
6211
6016
6111
6199
6092
6069
5975
5693
5609
5171
5482
4575
4256
3978
3691
3463
3229
3079
2975
2396
1833
1751
1776
2275
2690
3064
3517
3700
3744
4283
4375
4815
4830
4687
4707
4897
4937
4969
4744
5086
4826
4783
4664
4693
4413
4472
4479
4269
4336
4279
4031
4214
4256
4535
4891
5198
5215
5220
5280
5417
5517
5627
5715
5621
5866
5736
5783
5967
5977
6310
6052
6143
6091
6060
5786
5476
5371
5192
4827
4310
4073
3903
3663
3455
3276
2723
2576
2196
1755
1608
1759
2423
2414
2843
3367
3863
3961
4205
4509
4431
4910
4709
4703
4805
4795
4508
4706
4544
4636
4493
4375
4500
4275
4335
4210
4125
4037
3961
3921
4127
4555
4442
4853
4895
4791
5105
5268
5207
5215
5519
5553
5674
5422
5666
5916
5717
5807
5923
5899
6079
6093
5787
5577
5502
5181
4852
4607
4244
3963
3643
3567
3295
3338
2861
2603
2047
1605
1608
2143
2463
2799
3227
3520
3749
3795
4282
4459
4483
4649
4700
4875
4632
4835
4833
4955
4613
5000
4620
4434
4393
4327
4234
4111
4148
4183
4027
4068
4143
4449
4731
4888
5039
5307
5236
5416
5543
5487
5567
5621
4607
5565
5909
5879
5942
5912
6057
5959
6027
5951
5838
5540
5547
5189
4863
4527
4348
4068
3701
3456
3323
3213
2943
2440
2015
1717
1901
2430
2641
3119
3484
3904
4203
4269
4687
4809
4805
4884
5047
4946
4993
4972
5117
5039
4742
4962
4807
4866
4528
4434
4565
4431
4403
4311
4215
4351
4494
4878
5270
5182
5420
5247
5419
5415
5696
5599
5688
5856
5866
6013
5466
6069
6034
6143
6219
6291
6187
6158
5841
5631
5389
5015
4775
4259
4159
3734
3429
3486
3169
2889
2661
2168
1696
1782
1932
2447
2855
3187
3508
3845
4019
4307
4588
4495
4758
4942
4827
4960
4883
4902
4909
4821
4643
4661
4435
4414
4385
4351
4245
4197
4286
4157
4043
4190
4319
4738
5067
4851
4974
5295
5356
5503
5627
5641
5512
5688
5871
5951
5839
5923
6026
6007
6000
6125
5869
5663
5609
5455
5336
4847
4548
4283
3903
3525
3381
3183
2949
2678
2215
1815
1712
1634
2137
2663
2879
3319
3525
3904
4041
4579
4463
4648
4603
4892
4679
4956
4959
4640
4696
4689
4600
4781
4573
4323
4281
4186
4193
4168
3851
3991
3863
4063
4437
4687
4916
4797
5028
5130
5250
5279
5240
5299
5317
5523
5541
5604
5327
5823
5733
5844
5771
5798
5797
5622
5280
5265
5006
4603
4075
3888
3441
3216
3009
2787
2718
2359
1851
1381
1361
1634
2024
2751
2916
3217
3359
4548
4060
4203
4539
4570
4551
4726
4872
4809
4703
4659
4815
4478
4217
4317
4260
4366
4195
4031
4013
3926
4159
4156
3896
4132
4511
4760
4934
5004
4975
5182
5360
5411
5321
5660
5445
5527
5576
5776
5752
5733
5879
5927
5803
5847
5671
5406
5482
4952
4799
4203
4015
3575
3419
3302
3161
2827
2754
2363
1828
1437
1574
1993
2322
2511
3019
3609
3592
3803
4211
4421
4399
4557
4629
4494
4595
4729
4787
4524
4487
4237
4391
4207
4055
4203
4215
4143
4012
3831
3913
4127
3907
4308
4764
4895
4936
4979
5023
5173
5324
5389
5478
5375
5648
5660
5648
5647
5405
5831
5903
5814
5945
5802
5801
5449
5154
5066
4794
4235
3927
3803
3565
3384
3199
2699
2729
2268
1855
1344
1658
1983
2447
2901
3137
3566
3797
4085
4302
4667
4611
4605
4824
4477
4883
4711
4736
4655
4653
4489
4463
4349
4037
4266
4130
4075
4043
4117
3895
3874
4178
4364
4806
4855
4916
5106
5252
5183
5359
5415
5471
5670
5602
5803
5907
5879
6218
6119
5999
6032
5807
5983
5669
5359
5257
4839
4685
4183
3961
3732
3412
3322
3175
2815
2728
2018
1595
1504
1733
2274
2724
3038
3478
3759
4015
4100
4816
4662
4570
4562
4768
4749
4837
4894
4910
4707
4652
4476
4524
4671
4471
4242
4087
4271
4052
4134
4147
4142
4279
4799
5010
5107
5156
5190
5439
5451
5299
5695
5736
5623
5598
5835
5822
6028
6116
6122
6159
6166
6153
5848
5766
5487
5137
4935
4508
3921
3955
3554
3432
3294
3016
2829
2303
1802
1677
1695
2051
2571
2999
3131
3659
3723
4073
4415
4679
4823
4575
4558
5040
4823
4772
4730
4811
4830
4610
4690
4526
4479
4508
4431
4349
4211
4051
4200
4133
4114
4593
4969
5003
5326
5415
5333
5581
5381
5419
5509
5796
5847
5983
6140
5976
6378
6185
5978
6235
6182
6167
5951
5780
5348
5178
4900
4368
4049
3659
3541
3404
3131
3005
2594
2125
1667
1766
1924
2336
2874
3113
3475
3709
4232
4272
4655
4724
4703
4831
5055
5287
5141
4942
5021
4717
4923
4874
4704
4553
4521
4554
4434
4192
4293
4105
4342
4407
4507
4907
5144
5065
5349
5467
5504
5611
5595
5643
5806
5972
5975
5905
6175
6102
6049
5974
6251
6108
6398
6280
6039
5771
5476
5393
4808
4559
4297
3940
3695
3514
3391
3156
2781
2239
2079
2109
2223
2633
3159
3580
3726
4080
4403
4416
4692
4869
4887
4915
5102
5040
4942
4741
4693
4829
4692
4702
4575
4552
4223
4299
4315
4159
4076
3992
4009
4158
4480
4703
4875
5204
5057
5159
5198
5266
5472
5392
5858
5672
5679
5679
5701
5697
6007
5947
5787
5943
5858
5715
5503
5387
5141
4479
4360
4015
3903
3500
3383
3108
2854
2642
2182
1704
1652
1658
2269
2540
3103
3392
3559
3917
4011
4261
4409
4436
4693
4735
4630
4702
4695
4752
4803
4552
4461
4406
4336
4255
4258
4084
3888
3976
3932
3663
3771
4063
4425
4790
4869
4922
4986
4981
5168
5281
5451
5647
5558
5695
5722
5535
5645
5963
5962
5793
5798
5833
5802
5677
5380
5258
4703
4522
4130
3793
3507
3467
3279
2974
2837
2555
2316
1572
1588
1823
2279
2691
2994
2516
3536
3703
4107
4436
4430
4800
4675
4523
4788
4607
4628
4693
4633
4476
4372
4263
4173
4207
4138
3915
3970
3863
3903
3983
3998
4050
4532
4712
4351
4867
4931
5018
4933
5304
5426
5576
5606
5735
5607
5582
5653
5709
5887
5961
5855
5832
5805
5559
5323
5012
4715
4475
4026
3765
3464
3263
2955
2680
2554
2147
1657
1466
1462
1951
2391
2597
3020
3367
3684
3967
4161
4175
4551
4391
4597
4620
4991
4532
4580
4451
4671
4441
4243
4250
4351
4025
4429
3990
3929
4014
4013
3965
3984
4292
4548
4949
5007
4894
5014
5177
5330
5067
5275
5614
5527
5629
5651
5653
5791
5791
5771
6027
5927
5850
5470
5543
5156
4907
4464
4175
3801
3342
3187
3156
2752
2615
2253
1749
1299
1284
1567
2039
2361
2734
3207
3409
3735
4051
4111
4403
4569
4308
4639
4491
4576
4735
4499
4566
4543
4318
4172
4304
4198
4111
4099
3951
3943
3897
3923
3806
4123
4424
4815
4888
4987
5167
5110
5321
5319
5312
5407
5391
5587
5579
5651
5615
5747
5631
5693
5965
5701
5801
5619
5326
5102
4834
4399
4237
3790
3380
3194
2784
2834
2604
2196
1556
1389
1317
1823
2277
2701
2978
3215
3624
3882
4048
4326
4393
4505
4459
4711
4433
4506
4543
4483
4661
4173
4479
4099
4199
4160
3935
3965
3935
3788
3739
3767
3989
4263
4505
4773
4746
4895
4911
5067
5107
5295
5375
5316
5349
5373
5480
5463
5571
5687
5816
5682
5851
5814
5570
5493
5719
4799
4559
4252
3912
3650
3381
3074
2929
2753
2491
2134
1480
1255
1443
1704
2467
2735
3215
3487
3656
3871
4301
4197
4319
4447
4479
4516
4379
4487
4585
4568
4389
4453
4402
4178
4104
4124
3951
3985
3983
3862
3851
3803
3932
4333
4610
4671
5007
4834
5004
5027
5059
5387
5382
5349
5583
5453
5607
5606
5645
5836
5717
5871
5876
5727
5447
5199
5030
4855
4674
3803
3869
3871
3165
3268
2890
2701
2448
1889
1439
1377
1660
2251
2647
3062
3264
3755
3743
3967
4297
4325
4457
4583
4582
4495
4782
4598
4575
4493
4495
4316
4213
4279
4267
4137
4031
3919
3841
3841
3715
3919
4209
4503
4769
4730
4891
4935
5179
5244
5070
5499
5567
5482
5485
5519
5540
5494
5879
5951
5837
5699
5840
5627
5509
5241
5066
4811
4383
3991
3725
3505
3229
3035
2765
2696
2423
1779
1494
1632
2032
2439
2701
3023
3547
3639
4066
4135
4233
4570
4316
4605
4643
4693
4716
4623
4560
4570
4526
4247
4365
4275
4081
4122
4071
4005
3883
3887
3924
4149
4338
4747
4971
4971
5080
5055
4991
5391
5344
5564
5599
5522
5759
5782
5854
5954
5742
6174
5857
5967
5951
5849
5491
5399
5206
4821
4367
4039
3791
3499
3278
3171
2795
2679
2033
1679
1528
1423
2099
2623
3021
3287
3708
3776
4151
4560
4831
4806
4668
4703
4771
4705
4726
4786
4678
4480
4493
4384
4374
4280
4365
4131
4034
4053
3967
4053
4131
4407
4669
4835
4891
5204
5135
5446
5885
5591
5433
5559
5785
5649
5759
5701
5639
5900
5876
5872
5896
6079
6055
5673
5503
5275
4878
4712
4383
3938
3643
3505
3231
3034
2827
2465
1917
1679
1663
2060
2575
3114
3218
3495
3563
4039
4428
4477
4757
4510
4850
4799
4915
4799
4853
4559
5022
4847
4771
4627
4581
4583
4383
4534
4164
4204
4159
4041
4288
4543
4791
5025
5198
5266
5427
5446
5623
5520
5663
6500
5670
5899
5887
5916
6052
5975
5861
6143
6003
5926
6050
5458
5430
5152
4717
4511
4067
3887
3543
3439
3111
3014
2783
2199
1741
1557
1871
2137
2527
2935
3578
3743
4047
4178
4424
4699
4662
4737
4522
4788
4855
4927
4820
4772
4612
4535
4547
4157
4405
4323
4235
4184
3987
4111
4087
4143
4097
4596
4843
4915
5035
5063
5167
5373
5388
5430
5479
5693
5589
5508
5500
5832
5765
5827
5927
5978
5943
5746
5801
5388
5404
5015
4490
4189
3890
3499
3357
3093
2965
2723
2423
1900
1481
1599
1810
2333
2627
3046
3270
3671
4039
4156
4513
4510
4543
4740
4607
4836
4794
4615
4709
4650
4267
4231
4530
4236
4183
4255
4132
4078
3973
4057
3968
4223
4252
4694
4855
4851
5087
5285
5179
5259
5341
5399
5483
5649
5496
5669
5623
5750
5900
5926
5912
5926
5975
5727
5591
5321
5140
4813
4489
3875
3625
3226
3073
3007
2751
2368
1959
1343
1493
1326
2071
2270
3005
3235
3423
3727
3995
4212
4356
4555
4475
4923
4617
4465
4799
4559
4559
4876
4323
4343
4328
4319
4130
4196
4289
4006
3867
3972
3833
4047
4344
4783
4915
4927
5279
5183
5242
5463
5164
5462
5647
5638
5651
5871
5756
5638
6015
6006
5907
5823
5927
5606
5513
5231
4789
4581
4246
3765
3403
3191
2914
2790
2382
2251
1783
1484
1231
1615
2159
2709
3150
3263
3481
3909
4191
4415
4351
4238
4535
4599
4797
4623
4674
4700
4503
4434
4436
4241
4139
4368
3965
4044
3949
3910
3914
3787
3890
3710
4426
4783
4814
5030
4955
4947
5234
5394
5311
5549
5729
5390
5808
5575
5768
5818
5863
6031
5927
5832
5701
5669
5271
5066
4768
4280
3985
3755
3357
3318
3062
2797
2455
2136
1663
1364
1316
1920
2328
2813
3076
3323
3799
3911
4109
4355
4501
5363
4759
4592
4615
4502
4813
4766
4599
4596
4407
4015
4397
4255
4180
4055
3983
3958
3951
3983
4039
4339
4623
4713
4765
5039
5105
5168
5166
5342
5411
5520
5541
5691
5596
5737
5638
5810
5936
5963
6165
6019
5644
5496
5143
4903
4687
4414
4079
3827
3559
3391
3239
3065
2640
2103
1482
1567
1663
2206
2649
2913
3244
3456
3972
4055
4412
4473
4323
4567
4641
4614
4857
4815
4735
4759
4417
4514
4296
4216
4364
4220
4097
4143
4012
3956
3841
3831
4040
4442
4742
4871
4830
5000
5143
5151
5222
5201
4477
5372
5367
5402
5502
5806
5751
5801
5808
5687
5550
5603
5762
5138
4933
4791
4375
3933
3754
3415
3229
3183
2837
2686
2415
1812
1482
1468
1539
2303
2730
2889
3217
3569
3753
4127
4167
4432
4372
4549
4424
4687
4467
4493
4541
4598
4287
4365
4112
4149
4127
3967
3983
3967
3783
3869
3739
3791
4033
4487
4616
4733
4837
4891
5111
4968
5188
5245
5135
5442
5183
4488
5530
5815
5518
5481
5812
5654
5637
5533
5231
4908
4954
4435
4049
3787
3469
3351
3175
2804
2593
2495
1935
1576
1244
1216
1680
2144
2703
2895
3362
3641
4159
3942
4343
4352
4279
4399
4355
4407
4378
4531
4339
4262
4261
4241
4079
3983
3804
3826
3746
3766
3790
3616
3735
3909
4085
4348
4641
4611
4758
4982
5095
5092
4875
5364
4981
5316
5311
5343
5467
5599
5684
5567
5695
5699
5703
5335
4991
4985
4669
4440
3951
3704
3326
3317
2928
2629
2543
2297
1717
1383
1258
1595
2103
2458
2817
2940
3452
3762
3957
4327
4295
4307
4415
4652
4638
4682
4656
4493
4517
4311
4431
4138
4165
4155
3929
3903
3919
4051
3724
3839
3918
3978
4463
4694
4693
4707
4916
4935
5154
5071
5152
5155
5277
5483
5417
5551
5388
5381
5606
5711
5704
5535
5531
5391
5232
4719
4554
4072
3807
3384
3146
2996
2926
2751
2528
2046
1589
1388
1397
1773
2303
2799
3135
3452
3527
3776
4089
4416
4607
4904
4668
4788
4701
4624
4811
4607
4628
4439
4462
4383
4349
4266
4166
4171
4055
3909
4048
3919
4036
4301
4501
4750
4847
4619
4919
4965
5055
5357
5311
5267
5423
5450
5553
5579
5550
5705
5621
5729
5631
5643
5463
5290
4975
4916
4413
4088
4046
3561
3276
3140
2977
2729
2511
2151
1662
1415
1519
2107
2598
3004
3483
3563
3837
3952
4271
4536
4531
4527
4731
4863
4887
4814
4738
4686
4681
5147
4511
4381
4301
4228
4239
4112
4063
3955
4167
4006
4125
4634
4847
4927
5006
5048
4943
5295
5307
5381
5175
5414
5817
5425
5567
5823
5879
5617
5850
5816
5834
5727
5686
5246
5201
4905
4708
4186
3975
3662
3447
3359
3106
2958
2443
2072
1471
1668
2142
2395
2799
3162
3455
3814
4049
4478
4607
4552
4692
4797
4873
4755
4815
4640
4779
4843
4573
4599
4589
4377
4673
4306
4462
4322
4083
4039
4050
3884
4351
4863
5023
5114
5085
4591
5367
5342
5385
5444
5580
5359
5659
5570
5723
5787
5759
5853
5909
5867
5929
5910
5472
5407
5095
4725
4478
4199
3850
3514
3329
3263
3114
2859
2317
1863
1664
1647
2238
2620
2776
3463
3661
3877
4269
4299
4672
5095
4932
4836
4740
4973
4909
4277
4646
4669
4626
4602
4641
4447
4302
4224
4197
4187
4063
4043
4064
4167
4515
4863
5071
5042
5080
5173
5335
5294
5427
5275
5400
5351
5567
5631
5811
5821
5793
5727
6143
5805
5803
5640
5333
5151
4970
4641
4176
3826
3431
3198
3056
2879
2607
2199
1856
1622
1545
1950
2434
2724
3156
3381
3708
4071
4378
4185
4783
4707
4727
4735
4849
4799
4670
4879
4931
4543
4529
4652
4399
4359
4239
4267
4063
4298
3999
4159
4084
4235
4535
4967
4923
5085
5204
5238
5351
5346
5441
5390
5558
5688
5540
5627
5633
5820
5781
5855
5831
5749
5943
5534
5396
5061
4691
4329
3955
3683
3244
2949
2842
2546
2399
1991
1822
1559
1609
2158
2498
3026
3350
3705
3935
4154
4311
4473
4712
4779
4838
4823
4781
4805
4797
4973
4887
4628
4663
4513
4258
4446
4231
4239
4133
4116
4171
4061
4051
4390
4791
4957
4995
5158
5193
5191
5316
5478
5461
5469
5575
5527
5606
5659
5759
5767
5715
5799
5769
5806
5735
5423
5272
5142
4704
4293
3851
3559
3263
3090
2952
2715
2458
1993
1499
1478
1847
2255
2624
3198
3467
3572
3813
4212
4463
4687
4641
4761
4792
4818
4887
4543
4613
4876
4565
4696
4545
4402
4300
4281
3935
4343
4063
4064
4028
4079
4264
4575
4851
5016
5023
5271
5191
5483
5493
5415
5501
5419
5451
5719
5523
5935
5968
5727
5783
5843
5863
5710
5543
5318
5127
4863
4503
4109
3871
3554
3391
3051
2888
2804
2479
1895
1735
1459
1858
2367
2755
3239
3452
3681
4035
4183
4519
4524
4642
4731
4787
4648
4713
4665
4703
4623
4607
4445
4215
4387
4311
4239
4181
4138
4109
3906
3957
4119
4199
4695
4783
4940
4979
5175
5004
5143
5202
5379
5465
5568
5413
5411
5500
5782
5759
5744
5738
5815
5739
5620
5449
5295
5031
4643
4306
3910
3770
3479
3165
3080
2823
2600
2067
1613
1673
1573
2135
2557
2894
3167
3522
3776
4031
4351
4327
4519
4534
4554
4883
4733
4868
4718
4679
4519
4567
4407
4509
4384
4334
4159
4175
3807
4119
4005
3851
4063
4399
4861
4811
4839
5049
5197
5489
5203
5401
5592
5513
5684
5426
5647
5682
5615
5837
5501
5802
5825
5567
5594
5397
5111
4891
4557
4286
3732
3543
3256
3118
2856
2685
2379
1927
1459
1423
1719
2116
2548
2379
3319
3663
4027
4160
4479
4603
4635
4647
4523
4705
4692
4732
4622
4822
4743
4439
4339
4427
4263
4311
4143
4063
4105
4043
4023
4039
4214
4583
4740
4932
5102
5045
5136
5339
5391
5423
5439
5576
5652
5765
5831
5597
6047
6003
5951
5823
5935
5583
5471
5283
5093
4747
4528
4074
3711
3519
3422
3128
2844
2618
2315
1768
1659
1535
2066
2535
2971
3135
3566
3935
4239
4381
4589
4601
4637
4655
4922
4819
4894
4249
4748
4856
4712
4624
4431
4433
4367
4404
4187
4282
4251
4035
4217
4161
4435
4945
4927
5267
5208
5283
5450
5268
5331
5390
5647
5467
5602
5631
5794
5797
5861
6047
5830
5834
5839
5735
5604
5290
5247
4847
4482
4109
3905
3251
3108
2915
2815
2496
1947
1722
1719
1893
2392
2789
3178
3411
3764
4043
4470
4343
4772
4750
4743
4895
5502
4907
5087
4831
4918
4860
4736
4748
4683
4525
4352
4415
4400
4231
4210
4214
4290
4336
4759
5068
5111
5201
5312
5534
5442
5437
5405
5551
5621
5728
5375
5449
5738
5951
5999
5982
5951
5832
5853
5786
5375
5062
4916
4763
4285
3863
3486
3142
3114
2964
2679
2407
1874
1803
1652
2165
2703
2935
3307
3791
3803
4267
4279
4687
4858
4854
5052
5031
5066
4979
5119
5047
4959
4944
4876
4780
4814
4687
4539
4501
4490
4299
4257
4379
4448
4670
4886
5016
5303
5277
5295
5203
5363
5578
5558
5595
5331
5519
5668
5910
5832
5919
6111
6366
5899
5952
5714
5562
5317
5090
4795
4526
4159
3967
3683
3477
3282
3131
2903
2487
2111
1767
1879
2386
2817
3197
3677
3876
4152
4428
4515
4829
4900
4868
4943
5047
4731
4899
4942
4691
4854
4752
4687
4663
4504
4459
4255
4212
4164
4168
4131
4271
4342
4541
4821
4950
5177
5101
5296
5356
5420
5429
5481
5515
5491
5545
5599
5714
5819
5990
5768
5765
5861
5803
5590
5455
5343
4887
4462
4246
3874
3775
3463
3349
3157
2924
2659
2137
1838
1786
1999
2575
2943
3039
3556
4002
4199
4525
5215
4685
4779
4761
4817
4967
4761
4869
5053
4844
4736
4673
4633
4527
4399
4471
4399
4651
4307
4215
4149
4275
4463
4845
5051
5070
5200
5311
5264
5463
5512
5162
5375
5545
5604
5726
5659
5750
5778
6040
5672
5891
5762
5708
5541
5273
4958
4788
4408
4199
3792
3511
3368
3187
2960
2848
2374
1992
1542
1648
2164
2581
3133
3486
3725
3886
4132
4474
4735
4927
4748
4903
4751
4903
4942
4684
4887
5023
4776
4733
4532
4436
4543
4308
4342
4161
4182
4086
4073
4150
4494
4853
5308
4850
5119
5150
5290
5153
5388
5582
5477
5529
5614
5727
5771
5836
5943
5843
6055
5908
5766
5596
5225
5233
4878
4668
4221
3862
3672
3299
3241
3016
2709
2516
1947
1527
1672
1946
2417
2559
3365
3518
3893
4234
4353
4694
4811
4620
4876
4773
4636
4541
4710
4407
4371
4304
4330
4297
4128
3950
3961
3838
4059
3895
3791
3690
3761
4078
4410
4578
4759
4791
4914
5053
4916
4777
5023
5075
5191
5155
5308
5490
5599
5631
5735
5773
5972
5847
5927
5775
5440
5200
5145
4573
4079
3725
3439
3274
3120
2927
2682
2340
1871
1665
1709
2287
2630
3166
3366
3584
3996
4134
4577
4766
4784
4863
4861
5233
4955
5064
4881
4995
4906
4916
4757
4942
4617
4448
4511
4479
4286
4333
4202
4242
4401
4616
5055
5058
5279
5169
5280
5459
5467
5445
5548
5656
5525
5679
5778
5847
5988
5952
5973
5866
5905
5908
5575
5503
5314
5039
4672
4427
4049
3739
3551
3271
3159
2951
2654
2253
1777
1599
1939
2547
2918
3296
3471
3839
4223
4431
4693
4689
4610
4703
4893
5133
5004
4964
5094
5039
4878
4971
4603
4599
4636
4607
4403
4263
4339
4285
4191
4347
4500
4900
5180
5110
5244
5271
5339
5343
5471
5675
5597
5524
5591
5815
5718
5789
6001
5846
5719
6047
5867
5879
5758
5493
5242
4873
4701
4284
3967
3648
3503
3435
3059
3228
2536
2005
2007
1819
2446
2783
3132
3583
3798
4143
4239
4523
4783
4813
4827
4896
4831
4913
5072
5100
4949
4833
4735
4605
4563
4787
4514
4389
4413
4367
4233
4301
4244
4327
4560
5095
4933
5098
5245
5108
5279
5141
5471
5267
5515
5775
5531
5766
5759
5751
5882
5819
5985
5967
5836
5695
5468
5307
5165
4783
4439
4086
3863
3600
3409
3309
3108
2812
2442
1975
1738
1938
2337
2926
3103
3477
3917
3866
4238
4584
4722
4744
4799
4811
4951
5049
5055
4957
4737
4723
4451
4581
4576
4477
4322
4407
4318
4203
4219
4148
4115
4203
4671
5040
4887
5086
5083
5175
5276
5224
5400
5426
5411
5435
5527
5578
5830
5772
5803
5840
5727
5815
5616
5320
5414
5177
4876
4501
4351
3966
3603
3396
3259
3135
2804
2574
2097
1551
1535
1951
2582
2935
3343
3694
3859
3973
4239
4461
4800
4792
4714
4923
4855
4918
4802
4991
4735
4785
4423
4649
4385
4344
4335
4327
4055
4207
4132
3945
4140
4509
4665
4892
5107
5193
5105
5096
5310
5382
5360
5563
5559
5556
5539
5575
5741
5749
5819
5706
5779
5749
5578
5482
5179
4857
4630
4145
3893
3943
3530
3391
3113
2863
2774
2335
1823
1703
1800
2303
2796
3172
3379
3467
4069
4207
4363
4623
4623
4752
4759
4831
4816
4918
4958
4803
4682
4341
4635
4600
4453
4491
4331
4342
4280
4205
4071
4143
4374
4889
5008
4767
5010
5011
5119
5148
5414
5387
5459
5447
5461
5488
5536
5713
5718
5815
6015
5844
5559
5808
5369
5304
5139
4796
4640
4110
3754
3583
3354
3146
2982
2656
2447
1753
1678
1563
2143
2525
2766
3248
3451
3942
4137
4364
4515
4606
4747
4810
5181
4813
4792
4885
4679
4763
4780
4496
4425
4359
4297
4445
4343
4179
4116
4038
4141
4159
4364
4787
5098
5039
5041
5291
5258
5263
5124
5063
5388
5433
5597
5654
5739
5759
5555
5759
5962
5806
5757
5610
5376
5229
5062
4680
4230
3986
3663
3345
3238
2973
2827
2521
2095
1675
1542
1687
2175
2701
3125
3164
3634
3968
4055
4259
4508
4682
4683
4816
4799
4681
4832
4901
4871
4779
4476
4621
4429
4402
4437
4337
4215
4159
4127
3991
4063
4148
4567
4797
5047
4976
4988
5177
5245
5253
5372
5528
5399
5647
5541
5503
5499
6128
5728
5914
5691
5719
5844
5598
5367
5219
4943
4670
4259
3823
3599
3311
3303
3263
2890
2575
2013
1612
1640
2091
2325
2751
3242
3542
3953
4165
4375
4502
4569
4755
4518
4802
4850
4762
4998
4972
4788
4891
4575
4771
4659
4508
4462
4383
4447
4276
4255
4287
4366
4506
4875
5055
5082
5208
5345
5299
5319
5531
5463
5643
5769
5935
5756
5628
5961
5981
6039
6079
6102
6096
5887
5520
5551
5337
5043
4766
4303
3875
3853
3514
3360
3115
2970
2427
1922
1997
1795
2414
2925
3181
3612
4015
4192
4541
4593
5023
5045
5065
5106
5230
5156
5293
5279
5211
5101
5101
5026
4829
4747
4672
4765
4797
4583
4559
4663
4579
4551
4854
5276
5453
5391
5484
5586
6210
5705
5897
6004
5851
6009
5978
6025
5975
6081
6240
6198
6058
6047
6222
6035
5845
5555
5310
4993
4443
4323
3948
3708
3607
3455
3240
2765
2332
1968
1843
2185
2669
3118
3401
3773
4207
4457
4703
4875
5003
5266
5425
5159
5485
5519
5380
5326
5391
5071
5149
5032
5017
4731
4753
4609
4575
4607
4587
4519
4495
4628
5053
5367
5295
5403
5512
5480
5471
5590
5739
5633
5799
5854
5746
5842
5821
5972
6178
5785
5863
5765
5730
5636
5559
5002
4829
4588
4171
3687
3799
3465
3431
3164
2895
2620
2153
1665
1887
2169
2482
2895
3215
3629
3791
4169
4335
4544
4691
4703
4934
4942
4806
4970
4828
4877
4883
4831
4552
4574
4607
4525
4296
4351
4338
4230
4169
4146
4245
4574
4874
4988
5036
5119
5170
5142
5327
5426
5439
5326
5400
5709
5578
5635
5734
5935
5922
5714
6013
5861
5656
5399
5429
4923
4771
4299
3930
3709
3698
3502
3260
3064
2655
2412
1904
1631
1736
2014
2783
3146
3442
3868
4075
4311
4502
4711
4799
4840
4907
4687
5029
5013
5047
4991
4892
4791
4824
4514
4543
4381
4264
4439
4319
4119
4223
4327
4233
4663
4975
5116
5191
5343
5089
5030
5422
5325
5405
5407
5507
5565
5514
5629
5728
5704
5746
5997
5991
5822
5681
5379
4975
4619
4455
4127
3867
3493
3311
3003
2890
2797
2252
2042
1600
1486
2012
2511
2691
3171
3625
3774
3791
4448
4551
4927
4869
4893
4922
4985
5053
4911
4783
4911
4720
4628
4516
4465
4646
4493
4370
4251
4303
4197
4157
4207
4644
4923
4943
5044
5040
5198
4928
5484
5343
5446
5449
5518
5674
5631
5543
5879
5823
5867
5827
5904
5751
5639
5440
5005
4967
4780
4581
3913
3727
3448
3151
2979
2875
2436
2148
1632
1673
1612
2042
2479
2991
3459
3605
4263
4268
4641
4689
4949
5000
4687
5270
5101
4983
5004
5136
4896
4932
4968
4751
4781
4765
4351
4499
4408
4420
4436
4471
4386
4847
5131
5373
5582
5394
5510
5478
5498
5483
5283
5399
5968
5567
5843
5751
6079
6015
6431
6358
6343
6045
5990
5725
5631
5100
4935
4767
4500
4137
3675
3606
3583
3392
3086
2607
2415
2411
2431
2862
3368
3690
4316
4463
4666
5033
5217
5686
6039
5964
6059
5495
5831
6031
5600
5576
5463
5438
5091
4934
5129
4847
4643
4748
4604
4607
4582
4646
4863
5230
5589
5492
5631
5489
5508
5759
5894
5943
5823
5879
5646
6047
5837
5967
6263
6062
6143
6191
6047
6101
5887
5652
5222
5055
4747
4325
4067
3807
3553
3416
3232
3085
2735
2159
1864
2123
2267
2677
3205
3439
3775
4223
4406
4615
4839
5138
5048
4998
5247
5130
4863
5191
5006
5003
4856
5048
4733
4893
4586
4697
4633
4591
4343
4555
4494
4570
4799
5135
5115
5211
5375
5378
5533
5574
5828
5857
6218
6049
6207
6263
6449
6385
6351
6299
6521
6309
6308
5623
5783
5392
5311
4977
4615
4585
4397
4491
4347
3378
2642
2459
1875
1372
1087
1109
1863
2104
2451
2820
3047
3235
3426
3820
3915
4060
4131
4149
4133
4187
3938
3855
3983
4025
3702
3511
3343
3583
3539
3407
3479
3177
3199
3318
3444
3577
3845
4220
4383
4391
4403
4672
4640
4594
4663
4581
4813
4955
5135
4879
5111
4947
5176
4969
5207
5151
4991
4924
4795
4523
4437
3977
3638
3375
2923
2911
2653
2593
2335
1972
1511
1051
1112
1334
1887
2231
2529
3031
3217
4000
3734
3988
4268
4093
4179
4316
4362
4395
4315
4496
4194
4143
3967
3951
3885
3752
3710
3545
3553
3199
3461
3495
3583
3832
4122
4154
4205
4548
4645
4562
4633
4830
5055
4847
4910
4850
4967
5079
5329
5234
5268
5336
5375
5365
5077
5103
4758
4491
4185
3800
3499
3348
3129
2775
2708
2809
2351
1814
1333
1215
1203
1723
2123
2647
3002
3303
3407
3629
3858
3999
4247
4032
4299
4581
4361
4346
4400
4253
4291
4151
4137
4007
3998
3971
3782
3877
3763
3611
3750
3798
3828
4183
4191
4577
4520
4638
4714
4805
4711
5025
5162
5095
5113
5306
4127
5295
5366
5530
5498
5439
5607
5515
5221
5235
4896
4676
4470
3923
3751
3511
3367
3194
3071
2835
2436
1961
1583
1676
1942
2177
2728
3055
3279
3708
3982
4349
4552
4659
4702
4651
4942
4970
4880
4813
4626
4776
4684
4597
4423
4399
4283
4299
4239
4149
4158
3985
3979
4171
4347
4614
4938
5036
5039
5215
5023
5036
5171
5343
5255
5493
5368
5501
5384
5449
5631
5751
5758
5975
5719
5438
5431
5232
5065
4660
4462
4002
3715
3631
3473
3207
3095
2891
2461
2109
1600
1599
2036
2494
2803
3224
3583
3835
4336
4525
4475
4789
4687
4741
4843
4727
4711
4831
4622
4663
4486
4483
4410
4333
4332
4271
4256
4011
4062
4029
3991
4151
4388
4715
4854
4887
4955
4881
5013
5101
5085
5304
5204
5356
5097
5415
5490
5470
5548
5612
6082
5583
5616
5443
5257
5029
4710
4597
4210
4117
3818
3631
3433
3239
3140
2836
2511
2076
1565
1613
2391
2627
2994
3453
3631
3959
4296
4336
4653
4503
4539
4863
4845
4845
4926
4743
4831
4751
4539
4675
4583
4563
4360
4389
4271
4041
4308
4079
4079
4124
4461
4983
5012
4879
5047
5259
5095
5257
5282
5262
5352
5415
5549
5503
5618
5577
5780
5485
5821
5684
5494
5369
5159
5131
4851
4417
4140
3878
3774
3489
3302
3285
3063
2716
2383
1695
1587
1899
2434
2833
3308
3472
3860
4118
4436
4551
4545
4860
4699
4845
4827
4844
4843
4965
4784
4636
4542
4695
4352
4343
4227
4214
4167
4127
4079
4142
4121
4366
4732
4903
4800
4936
5108
5115
5054
5249
5411
5396
5359
5312
5578
5649
5551
5815
5839
5711
5498
5526
5387
5131
4997
4927
4588
4104
3967
3714
3562
3169
3259
3056
2740
2428
1852
1644
1588
2110
2442
2943
3221
3439
3828
3990
4131
4571
4554
4695
4721
4944
4851
4837
4823
5023
4776
4651
4456
4268
4302
4361
4391
4221
3977
4089
3961
4020
4047
4415
4700
4903
4975
4876
5212
5037
5143
5242
5095
5354
5387
5451
5469
5429
5563
5661
5775
5515
5607
5683
5535
5440
5135
4824
4422
4222
3808
3529
3473
3247
2937
2859
2687
2047
1667
1399
1943
2117
2738
3031
3390
3639
4034
4358
4218
4650
4671
4818
4720
4828
4655
4844
4938
4679
4671
4560
4359
4305
4406
4237
4318
4128
4023
4019
4238
3826
4187
4510
4879
4878
4913
5053
5102
5175
5244
5163
5211
5677
5240
5375
5566
5660
5671
5598
5620
5706
5671
5551
5607
5159
4816
4656
4471
4114
3904
3592
3318
3261
3223
2863
2517
2047
1666
1273
2047
2348
2744
3048
3488
3704
4081
4347
4375
4799
4719
4766
4911
4741
4664
4763
4935
4728
4581
4575
4543
4357
4274
4294
4151
4076
4031
4301
4047
4039
4455
4687
5008
4809
5046
5071
5065
5256
5165
5225
5215
5353
5547
5483
5455
5565
5626
5447
5626
5812
5654
5600
5432
5199
4904
4648
4223
3919
3775
3663
3389
3233
3011
2695
2473
1996
1636
1622
2191
2659
2843
3184
3428
4076
4099
4158
4527
4523
4555
4900
4839
4803
4677
4876
4580
4711
4654
4536
4527
4415
4394
3771
4239
4197
4062
4007
4036
4169
4509
4736
4911
4886
5027
5107
5233
5256
5267
5219
5518
5512
5543
5393
5518
5839
5709
5793
5864
5759
5627
5508
5283
5088
4887
4518
4036
3735
3515
3309
3008
2895
2692
2431
1871
1609
1501
1773
2299
2805
3123
3455
3728
4042
4151
4455
4463
4549
4780
4775
4843
4529
4507
4935
4679
4561
4623
4383
4541
4285
4281
4167
4171
4023
4043
4086
4081
4454
4658
4805
5070
5004
5127
5095
5162
5287
5220
5266
5455
5487
5663
5401
5593
5720
5695
5589
5750
5791
5519
5442
5065
5015
4750
4444
3923
3544
3199
2896
2685
2614
2324
1973
1541
1450
1679
2087
2612
2761
3174
3551
3742
3769
4294
4662
4653
4635
4889
4911
4887
4759
4846
4825
4879
4599
4431
4472
4556
4279
4321
4223
4298
4255
4104
4113
4204
4416
4739
4784
5132
5039
5165
5133
5299
5343
5303
5533
5479
5440
5483
5751
5709
5943
5867
5788
5759
5793
5612
5319
5196
4875
4780
4214
3900
3439
2997
2772
2634
2335
1983
1600
1535
1463
1836
2311
2631
3062
3399
3607
3751
4281
4476
4593
4495
4847
4741
4736
4991
4903
4877
4744
4774
4676
4463
4304
5081
4403
4427
4079
4152
4189
4136
4131
4306
4586
4779
5136
5148
5019
5137
5272
5351
5168
5492
5380
5582
5509
5503
5559
5735
5658
5551
5868
5951
5703
5462
5399
5007
4951
4433
4164
3707
3339
3042
2748
2558
2638
2028
1700
1462
1543
2057
2524
2826
3255
3651
3893
4038
4545
4659
4519
4777
4775
4910
4956
4797
4942
4907
4735
4633
4835
4572
4352
4511
4479
4247
4316
4055
4071
4249
4351
4580
4850
5082
5223
5137
5276
5535
5433
5495
5725
5375
5517
5711
5609
5675
5734
5903
5871
5818
5823
5767
5695
5522
5245
5283
4779
4415
4159
3485
3231
3024
2905
2648
2378
1952
1661
1679
1721
2200
2767
3083
3388
3275
4014
4251
4461
4599
4813
4759
5017
4976
4903
4718
4950
4828
4948
4711
4591
4621
4462
4552
4325
4390
4245
4312
4166
4265
4346
4490
4759
5052
4903
4851
5073
5076
5501
5451
5271
5543
5377
5662
5683
5505
5839
5819
5858
5951
6023
5535
5751
5339
5245
4810
4789
4159
3835
3516
3194
2915
2715
2495
2267
1683
1669
1688
1894
2504
2879
3215
3679
3741
4162
5162
4537
4527
4872
4925
4799
5078
4928
4957
4847
4903
4831
4747
4724
4626
4496
4503
4339
4297
4341
4223
4277
4247
4488
4720
4979
4831
5109
5167
5300
5333
5299
5565
5567
5551
5734
5559
5575
5726
5886
5826
5972
5842
5747
5704
5535
5478
5178
4749
4596
4110
3695
3495
3176
3005
2723
2541
2047
1639
1695
1710
2263
2751
3126
3564
3852
4159
4414
4394
4733
4956
4999
5162
4923
5002
5087
5051
4943
4866
4818
4631
4488
4700
4623
4328
4349
4383
4199
4247
4258
4332
4655
5004
5137
5223
5375
5339
5367
5364
5396
5431
5860
5658
5597
5755
5607
5771
6076
6094
5903
5824
6187
6022
5617
5108
5280
4863
4555
4047
3773
3818
3332
3265
3052
2743
2212
1831
1852
2231
2552
3044
3530
3736
4054
4223
4610
4550
4905
4655
4976
5087
4839
5053
5755
4877
5007
4976
4899
4764
4643
4863
4603
4552
4444
4376
4269
4282
4203
4588
4703
4876
5228
5311
5263
5223
5517
5547
5462
5679
5762
5823
5595
5637
5471
5886
6103
5899
6061
5911
5935
5622
5542
5323
4864
4567
4394
4067
3999
3749
3553
3355
3103
2820
2358
2047
1951
2213
2826
3231
3575
3743
3967
4475
5159
4883
4955
4951
5167
5199
5110
5184
5007
4968
4780
5070
4921
4758
4803
4739
4617
4659
4500
4421
4371
4243
4491
4782
4946
5111
5156
5247
5229
5381
5400
5535
5586
5643
5711
5487
5641
5821
5901
6027
5839
5897
5887
5947
5375
5695
5133
5042
4795
4581
4500
4192
4111
3821
3644
3414
3322
2989
2375
2015
1894
2322
2900
3238
3647
3739
4135
4240
4600
4840
4727
4756
4910
4883
5119
5009
5040
4653
4877
4583
4616
4537
4527
4521
4267
4247
4201
4239
4347
4295
4407
4685
5041
4867
5046
5278
5247
5232
5315
5263
5567
5428
5495
5361
5673
5587
5797
5733
5921
6007
5616
5630
5582
5494
5127
4822
4451
4031
3895
3619
3628
3409
3150
2853
2617
2298
1726
1673
1855
2103
2898
3138
3390
3855
4183
4354
4720
4702
4814
4728
4611
4841
4738
4767
4811
4629
4776
4623
4541
4421
4268
4271
4232
4210
4049
4087
4084
4167
4259
4678
4934
4911
4983
4927
5087
5295
5325
5450
5353
5625
5361
5516
5533
5655
5812
5635
5643
5775
5750
5545
5383
5098
5011
4749
4372
4015
3609
3487
3412
3117
2848
2700
2371
1743
1647
1739
2160
2746
2981
3431
3745
3896
4052
4415
4649
4883
4924
4991
4777
4704
4891
4841
4830
4797
4512
4508
4522
4461
4496
4295
4347
4229
4272
4103
4223
4250
4532
4824
5114
5167
5151
5184
5415
5307
5359
5407
5458
5628
5639
5579
5612
5962
5643
5926
5823
5953
5725
5356
5184
4959
4813
4488
4115
3851
3579
3317
3045
3047
2831
2379
2220
1587
1479
1807
2061
2594
3135
3335
4334
3951
4091
4485
4623
4625
4520
4687
4484
4775
4789
4599
5207
4702
4562
4499
4469
4532
4169
4384
4278
4170
4144
4210
4191
4346
4671
4971
4971
5207
5079
5133
5393
5333
5531
5309
5541
5615
5727
4927
5576
5700
5789
5962
5973
5615
5734
5581
5448
5154
4894
4399
4351
3854
3733
3375
3191
3083
2776
2511
1773
1611
1540
1847
2502
2740
3289
3580
3862
3675
4271
4400
4612
4824
4794
4788
4835
4915
4863
4870
4695
4607
4548
4525
4347
4350
4215
4218
4198
4271
4032
3993
4037
4479
4694
5087
4999
5195
5108
5247
5295
5299
5272
5394
5520
5567
5567
5582
5720
5743
5732
5758
5759
5685
5678
5359
5253
4907
4704
4383
4125
3602
3539
3422
3133
3082
2712
2367
1969
1573
1776
2255
2714
3051
3436
3687
3887
4381
4442
4603
4695
4587
4555
4875
4875
4734
4861
4785
4868
4755
4539
4686
4408
4477
4324
4304
4223
4055
4198
4113
4350
4508
4959
5207
5025
5117
5144
5326
5228
5255
5324
5507
5426
5452
5559
5642
5660
5775
5999
5907
5770
5706
5493
5543
5041
4819
4502
4252
3863
3663
3605
3422
3131
3007
2678
2231
1687
1450
1983
2549
2844
3062
3579
3815
3965
4365
4529
4701
4791
4763
4799
4751
4948
4786
4927
4511
4752
4655
4496
4376
4443
4194
4205
4223
4504
4048
4014
4020
4290
4663
4836
4920
4971
5168
5163
5296
5279
5305
5407
5343
5361
5272
5570
5365
5400
5518
5675
5650
5615
5549
5149
5088
4906
4468
4283
3932
3806
3620
3408
3292
3004
2936
2647
1904
1652
1561
2061
2583
2908
3232
3583
3945
4096
4367
4575
4775
4800
4799
4773
4569
4691
4708
4691
4647
4678
4592
4474
4380
4314
4215
4235
4191
4181
4074
4105
4063
4525
4799
4815
5111
5141
5094
5328
5194
5319
5443
5396
5367
5367
5575
5664
5735
5463
5814
5819
5811
5538
5287
5343
5211
4835
4529
4336
4131
3901
3659
3557
3365
3156
2951
2475
2019
1783
1981
2559
2923
3050
3383
3503
3823
4210
4157
4521
4445
5108
4412
4499
4489
4525
4464
4324
4315
4166
4190
3944
4115
3767
3835
3767
3785
3626
3679
3693
3831
4243
4495
4579
4518
4628
4691
4839
4759
4925
5295
4939
5021
5033
5119
5227
5156
5528
5375
5352
5436
4972
4718
4935
4476
4364
3880
3631
3413
3255
2943
2791
2631
2435
2066
1743
1308
991
1479
2015
2367
2778
3181
3412
3592
3583
3909
4037
4178
4268
4253
4207
4334
4296
4378
4229
4055
3959
3994
3887
3815
3731
3711
3733
3525
3583
3599
3618
3839
4287
4400
4432
4661
4557
4744
4759
4811
4912
4844
4992
4911
4905
5028
5111
5048
5111
5159
5318
5233
4917
4732
4669
4035
4203
3731
3479
3355
3173
2948
2837
2722
2359
2039
1390
1206
1135
1610
2071
2462
2935
3191
3377
3605
3991
4001
4351
4265
4114
4344
4170
4251
4047
4219
4215
4153
4107
3988
3943
3862
3699
3701
3562
3675
3590
3583
3577
3823
4310
4302
4404
4692
4724
4520
4567
4779
4879
4893
4845
4955
4927
4975
5096
5222
5205
5295
5228
5215
4904
4787
4567
4205
3872
3664
3404
3230
3067
3039
2662
2525
2269
1747
1308
975
1355
1870
2182
2783
3061
3199
3535
3682
4023
4317
4351
4272
4383
4361
4365
4420
4371
4235
4201
4331
3982
4010
3834
3776
3896
3927
3581
3601
3615
3573
3844
4188
4575
4586
4703
4580
4731
4859
4875
5343
5027
4954
5088
4927
5066
5194
5298
5474
5553
5364
5279
5261
4893
4837
4607
4471
4055
3703
3411
3098
3064
2906
2692
2339
2007
1537
1221
1234
1695
2091
2535
2808
3213
3554
3735
3991
4364
4187
4175
4302
4373
4389
4432
4478
4479
4127
4343
4233
3983
4021
3911
3871
3887
3738
3618
3564
3646
3786
3915
4308
4607
4808
4643
4645
4724
4896
4881
4991
4987
5025
5151
5415
5265
5287
5151
5344
5368
5231
5335
5177
4894
4597
4591
4264
3823
3595
3324
3047
2969
2815
2650
2469
1787
1440
1155
1608
1929
2283
2612
2703
3304
3655
3631
4040
4228
4431
4190
4549
4311
4435
4267
4545
4489
4414
4207
4255
4101
4111
4015
3880
3749
3870
3667
3690
3671
3770
4310
4495
4516
4741
4720
4892
4900
4919
4927
5051
4943
4871
5051
5167
5188
5232
5335
5370
5335
5439
5230
5048
4687
4668
4369
4237
3751
3455
3189
2877
2732
2623
2347
2038
1553
1216
1240
1479
2121
2555
2839
2945
3312
3839
3822
4142
4117
4351
4411
4443
4595
4435
4603
4566
4383
4312
4188
4215
4112
3927
4011
3968
3686
3727
3751
3781
3805
3927
4415
4513
4584
4637
4832
4751
4887
4879
5119
5085
5076
5274
5244
5179
5266
5309
5243
5215
5407
5471
5136
5099
4941
4618
4303
3967
3519
3359
3010
2906
2801
2563
2345
1942
1405
1183
1316
1879
2207
2319
3049
3321
3626
3839
3911
4226
4316
4528
4353
4567
4383
