SWV ITM Data Console - ITM Port: 0
24465
24415
24502
24773
24397
24507
24647
24395
24478
24647
24468
24287
24303
24113
24395
24319
24554
24468
24522
24612
24455
24519
24681
24518
24354
24269
24392
24292
24535
24166
24197
24466
24419
24598
24757
24525
24713
24403
24250
24323
24117
24283
24589
24415
24543
24659
24797
24488
24685
24612
24155
24385
24287
24287
24605
24595
24735
24751
24436
24567
24358
24409
24490
24367
24494
24653
24289
24355
24462
24483
24439
24546
24642
24556
24615
24600
24218
24283
24330
24525
24317
24287
24551
24358
24443
24255
24399
24379
24351
24495
24465
24420
24479
24643
24650
24423
24639
24608
24535
24458
24471
24623
24455
24618
24487
24287
24532
24469
24599
24495
24182
24543
24444
24375
24508
24639
24453
24631
24506
24290
24567
24645
24671
24692
24606
24634
24529
24411
24703
24319
24191
24341
24353
24536
24510
24421
24430
24420
24494
24519
24376
24348
24439
24527
24383
24407
24404
24423
24454
24511
24317
24556
24406
24421
24453
24507
24541
24664
24555
24663
24607
24521
24659
24509
24556
24441
24402
24447
24373
24350
24511
24403
24606
24599
24447
24376
24586
24447
24507
24558
24348
24423
24303
24501
24379
24535
24487
24447
24702
24543
24282
24692
24725
24780
24495
24678
24660
24319
24362
24290
24301
24338
24086
24365
24215
24266
24364
24363
24398
24477
24474
24559
24443
24428
24551
24413
24424
24395
24751
24777
24619
25653
24238
20735
31719
27333
9881
31841
33791
12080
29289
28183
16559
33935
19250
13351
36412
28342
14021
28081
28428
19989
22527
32441
16966
22005
35487
15665
26742
35450
8119
23894
36122
19641
20036
29039
25226
20983
26203
25879
20903
26668
26312
18676
34398
21659
11306
34463
29418
16895
28045
24085
24495
22911
26060
21311
24207
31399
18319
25406
33448
11319
22261
36024
22131
19967
27579
24047
23764
24631
25096
21314
27823
26874
15640
35707
25127
8878
32939
31215
16577
28399
24746
22791
24246
25270
20905
26008
28595
19396
25206
34057
14007
20467
34347
21857
22389
28703
20149
26847
25186
21547
24220
27098
24511
18538
32696
26021
11727
30360
29609
18215
28359
23462
22420
27691
22773
21088
29047
24676
20463
26070
32105
16959
20105
33077
22647
22685
28686
19112
28027
25322
20244
25994
27129
22414
21050
30866
26403
14187
27707
29567
19379
28151
23767
21214
29499
21428
20407
30924
23333
20974
25103
31329
18994
18863
31701
23610
22190
29087
18682
28237
26826
18909
25390
28590
21497
21492
29337
27115
16287
25188
29775
20378
27390
24027
19263
31629
22547
18911
31263
23539
21199
24796
30435
21179
19063
29502
24875
22026
29486
17975
26710
29631
17910
23993
30880
19956
22746
28359
27644
18554
23034
28863
21598
27154
24799
17507
32298
23953
17511
30945
24825
20281
25301
29318
22717
20486
27014
25615
22426
29404
18709
24871
31284
17597
22539
32362
18874
23325
27954
26620
20824
22431
27132
22903
26549
25165
17375
31713
25361
16429
30243
26650
19003
26220
28369
23587
22364
24590
25741
23487
29183
19108
23301
32398
17762
20798
33379
18841
23101
27796
26072
22482
22585
24743
24984
26877
25862
17433
30773
26859
15263
28983
28679
17339
26630
27498
23471
24050
22166
24987
25069
28565
19583
22091
32895
19291
19851
33821
19841
22373
27769
24517
23537
23852
22077
26271
26726
25690
18046
28863
28201
15348
27507
30062
16406
27070
26706
23045
26076
21702
23420
26741
27807
20407
22292
32342
20766
18958
32946
21375
21449
28381
23815
24315
25697
19645
26469
27135
25082
19465
27576
29232
16495
26081
30886
16951
26998
26759
22131
27167
21872
21357
27951
27051
20909
22649
30691
22854
18583
31469
23361
20506
28607
23021
24543
27924
17864
26037
28347
24347
19873
26447
28874
18065
24538
30992
17968
26086
26671
21575
28397
22901
19189
28835
26719
20991
23503
28939
24237
18711
29877
24884
19763
29176
22375
24199
29715
17303
24117
29413
23527
20499
26407
27678
20223
23259
29679
19707
25277
27037
21128
28859
24767
17237
29464
27085
21039
24038
27491
24613
19285
28063
25543
19646
28724
22754
23686
31370
17503
22491
31007
23295
21055
27036
26215
22311
22613
28469
21621
24095
27120
20370
28750
26857
15559
28605
28245
20435
24955
26751
24741
20923
26023
25796
21105
27513
23095
22395
32154
18877
20036
31787
23546
20871
27868
24592
23964
22622
27103
23526
23731
26695
20247
28069
28693
14786
27165
29579
20150
24670
26453
23718
22795
25128
25046
23035
26386
23403
21386
31983
20624
18065
31871
24103
20369
28554
23501
24588
23401
25321
24299
24085
25994
20645
26997
29908
15434
24991
30827
19791
24634
27062
22454
24981
24473
24063
25179
25283
23547
21359
31431
22691
17168
30735
25311
19753
28804
23117
24347
24627
23637
24540
25469
24487
21275
26030
30399
17182
22783
31096
20131
24142
28030
21339
26471
24731
22380
26747
25098
22783
21799
30742
24638
17170
28912
26413
19575
28561
23091
23211
26431
22555
23615
27427
23448
22085
25535
30347
19059
21929
30717
20943
23727
28505
20548
27292
25230
20908
27407
25520
22102
22547
29334
25303
18431
27135
26972
19737
28067
23470
22783
27506
21755
22452
28998
22675
22527
25530
29703
20735
21478
29655
22126
23595
28821
20154
26999
25733
19355
27163
26234
20884
23091
28217
25769
19692
25527
27382
20445
27867
24187
21943
28977
21701
21170
30447
22303
21967
25519
28526
21815
21371
28023
23295
23426
28651
20051
26583
26895
18804
26627
28192
20095
24036
27726
25771
20907
24107
27334
20948
27404
24375
21407
29707
22231
20110
31053
22569
21544
25758
27423
22908
22369
26051
24347
23197
28167
20223
26043
28063
18241
25893
29615
19274
24219
27173
25415
22589
23600
26524
21863
26810
24663
20889
30159
23055
19318
31549
23219
20502
26355
26630
23172
23787
23961
25131
23407
27351
20623
25479
28711
18461
24847
30771
19156
24311
26875
24703
23855
23567
24779
23351
26239
24463
21075
29801
23493
18077
31241
24087
19891
26927
25727
23871
25300
22087
25543
24208
26537
21335
25278
28537
18974
23583
31183
19199
24227
26959
23911
25189
24047
22857
25055
25637
24155
21935
28871
24233
17950
30077
25243
19235
27559
25103
23647
26735
21168
25257
25242
25551
21419
25535
28494
19917
22583
31071
19725
23755
27098
23098
25657
24870
21143
26351
25565
23413
22613
28362
24529
18517
28983
26296
19371
27702
24669
23283
28012
21033
24319
26557
24906
22029
25709
27735
20919
22233
30623
20232
23498
26861
22487
25910
25912
19813
27406
25876
23029
23283
27878
24694
19621
27507
26902
19773
27299
24240
22817
28462
21007
23235
27623
23853
21915
26317
26879
22027
22087
29718
21526
23135
26710
22015
26306
27071
18640
27356
25875
22143
23935
27191
24542
20920
26034
27145
20221
26735
24022
22802
29047
21551
21708
28613
23325
21744
26894
26047
23013
22257
28143
22732
23039
26345
22072
26127
27623
18127
27007
26397
21521
24141
27239
24203
22391
24979
27219
21649
26249
23845
22664
29087
22478
20440
29213
23166
21665
27095
25139
23374
22527
26770
23722
23486
25967
22271
26067
28166
18121
26709
27167
21095
24392
27342
23511
23611
23572
27583
23485
24604
20185
32401
28573
8979
30870
36175
9128
30214
28120
18793
33350
16698
16747
36917
25199
15595
27615
28359
22381
20143
31651
18447
21803
34007
16639
28203
31918
8647
28305
33599
18873
22071
28005
26789
21712
22865
28115
20399
26477
25675
21236
33029
18794
14575
35759
26026
18323
26749
24108
27007
20943
25149
24011
23109
30275
19251
26399
30563
11519
26779
33891
20412
21392
26340
25512
24127
21881
26542
22126
27633
24831
19217
34351
21201
10851
36154
27926
17474
27831
23758
25333
23113
23795
23863
25199
27823
19723
26959
31869
11142
25105
34756
19559
23647
26797
21242
28381
21457
23268
26283
25873
22889
22079
33308
22251
11421
35582
27071
18733
28410
21941
26110
25931
19863
25493
26989
23343
21055
28198
30703
13485
23854
33766
19903
23715
26599
19903
30411
21028
22015
28932
23541
21962
23887
30618
24009
13535
32239
27717
20095
27528
22388
25077
28044
18683
25494
28755
21854
21943
27269
29471
16947
21138
32987
21700
23026
26980
19503
31071
22369
20282
28845
24637
21262
24283
29005
25503
14834
29525
28236
20871
26938
22099
23700
30389
18023
23859
30047
21079
22571
26961
28886
19631
19432
31606
22833
23366
27231
18447
31445
24479
18053
28867
26266
19994
25183
28457
26143
16639
26766
28175
21665
26774
22357
21615
32553
18276
22751
31221
20708
22367
27198
27774
21935
18919
30141
24286
23602
26860
18191
30217
26357
16615
28559
27913
18527
26004
27350
25818
19407
24371
27866
23542
26427
22439
20682
33657
18179
21531
32287
21167
21813
27696
26422
23518
19335
27739
25539
24383
26422
18535
28859
28218
15655
27863
29771
17274
26304
27064
25343
21463
22435
26802
25070
25854
22375
19967
33931
19142
20255
32501
22006
20397
28083
25147
25021
20422
24815
26623
25282
25358
19263
27534
29462
15101
26979
30707
16639
26515
26875
24849
23982
20945
25223
27154
25347
22613
20254
33583
20910
19263
31679
23262
19132
29062
23995
25845
22516
21923
26829
26495
24190
20428
25785
30701
15960
25385
31483
16986
25869
27069
23814
26063
21016
22778
28583
25110
22735
21089
32046
22395
18623
30439
25119
18323
29438
23267
26165
24508
19691
26301
27863
23243
21687
24859
30463
17169
24030
31504
18468
24847
27313
22771
27407
21279
20530
29951
25385
22105
22191
30016
23871
18636
29062
26410
17813
29493
22764
25991
26239
18378
25192
29365
22389
22527
24238
30005
18641
23364
30603
20074
23930
27724
21631
28392
22575
18615
30180
25817
21453
23410
28087
24814
19316
27519
27359
18026
29320
22387
25435
28021
17889
23702
30951
21799
22895
24445
28755
20628
22775
29538
22045
22654
27931
20777
29154
23991
17040
30124
26718
20735
24361
26487
25198
20397
26021
27670
19062
28430
22505
24987
29657
18314
21683
32417
21425
22815
25535
27110
22630
22680
27432
24159
21817
27699
20207
29323
25597
15918
29339
28084
19675
25087
25671
25177
21871
24752
27150
20703
26991
22957
24127
30551
19349
19527
33165
21713
22543
26375
25212
23767
23127
25285
26083
21593
27098
20409
29164
27127
15727
27295
29602
19471
25499
25718
24324
23571
23689
26167
23060
25361
23039
23664
30575
20886
17700
33215
22327
21938
27379
23952
24388
24063
23175
27215
22301
25973
20805
28514
27802
16206
25330
30839
19358
25760
25930
23305
25141
23279
24763
25381
24047
23167
23297
30343
22183
16895
31949
23505
21503
27690
22897
24342
25519
21362
27411
23682
24427
21467
28299
28094
17952
23431
31398
19271
25521
26097
22271
26374
23389
23061
27736
23470
22724
23637
29927
23376
17512
30486
24505
21195
27975
22841
23961
26935
20311
26951
25851
22871
21901
27754
27572
19690
22041
30935
19961
25691
26568
21709
27221
23901
21366
29077
23187
22015
23897
28972
24323
18289
28370
25592
20967
27645
22555
23671
28245
19528
26155
27430
21805
22259
27563
27241
21371
21228
30335
20583
25499
26278
21525
27453
24379
19895
29816
23623
21322
24206
28683
24895
19585
26616
26767
20991
27800
22911
22906
29332
19334
24759
29147
21095
22195
27333
26482
22942
20799
29287
22005
25195
26292
21278
27342
25482
18302
29895
24831
20423
24730
28110
24810
21430
24263
27369
21567
27215
23299
22613
30020
19687
23168
30860
20831
21639
27478
25770
24063
20986
27418
22935
25153
25905
21453
26772
26517
17023
29658
26403
19869
24954
27715
24522
23325
22477
27217
22439
26842
23612
22437
30127
20227
21852
31741
21119
21224
27705
24855
25228
21934
24798
24494
25354
25198
22364
26289
27683
16639
28922
28024
19119
24812
27391
23695
25116
21397
26141
23572
25871
23459
22736
29685
21406
20351
31942
22066
20215
27999
24353
25319
24031
22705
25608
25447
24269
22815
25441
28159
17063
27431
29039
18993
24399
27255
23039
26999
21118
24534
25337
25755
22873
23706
28686
22710
19407
31310
23370
19743
28090
23807
25215
25589
20989
25585
26236
23409
23356
25234
28492
17803
25790
29943
19820
23735
27739
22235
27963
21939
22849
26291
25263
22205
24778
27416
24145
18655
30275
24718
19384
27745
23899
24796
27311
19847
25111
27016
22757
23443
25651
27782
19137
24619
29591
20927
22897
27583
21595
28439
23120
21082
27343
25521
21270
25764
26329
24805
19118
28891
25925
20169
26969
23943
24030
28635
19261
24373
28137
22345
23490
26243
26862
20750
23472
29027
22341
22317
27391
21039
28555
24409
19491
27875
26120
20566
26559
25943
25034
20019
27427
26407
21127
25971
24134
23375
29575
19587
22975
29129
22022
22855
27134
25613
22184
22993
28063
23831
22043
26913
21093
28634
25637
18575
27509
26983
19709
26849
25671
24883
21055
25923
26287
22447
24807
24235
22802
30239
20278
21617
29753
22139
22249
27964
24923
23295
22999
26623
24931
22394
25843
21331
28129
26928
18355
26717
27693
19051
26787
25786
24407
22565
24919
26168
24227
23871
24229
22560
30521
20966
20431
30100
22722
21347
28695
23910
23975
23259
25067
25639
23705
24867
21817
27589
27333
18486
26087
28452
18625
26477
26503
23719
23841
23882
24920
25819
23023
23967
22587
30486
22183
20291
29566
23339
20493
29118
23427
24091
23978
23527
25734
24927
23500
22271
26870
27944
19067
25087
28713
19137
26034
27023
22965
24986
23383
23596
27407
22897
23260
22991
29533
22975
20375
28979
24101
19931
29140
23113
24487
24938
22303
25882
26351
22231
22717
26208
27830
19995
24291
28886
19445
25229
27157
22495
25835
23327
22283
28597
23087
22551
23703
28662
23759
20844
27884
25035
20074
28863
23295
24431
25855
21369
25131
28040
21445
22867
25923
27322
21071
23360
28560
20471
24566
27277
22098
26407
23891
20918
29063
24090
21689
24350
27961
23939
21658
26475
25628
19857
27855
23559
24404
26634
21022
24592
29279
20763
23025
25799
26780
22083
23477
27787
21776
23737
27223
22287
26740
24676
19819
29203
25187
20987
24867
27277
24151
22831
25261
26034
20385
27258
23887
24173
27184
21204
23081
30263
20782
22839
26065
26187
23065
23735
26490
22922
23175
26827
22363
26671
25064
19003
28767
26282
20215
25103
26697
23847
23747
24063
26027
21532
26203
24183
24234
27340
21394
21950
30829
21498
22301
26349
25585
23495
24382
25203
24254
23001
26071
22799
26809
25594
18731
27655
27537
19878
24891
26235
23335
24963
23453
25375
22698
25371
24045
24445
27421
22134
20927
30655
22372
21999
26575
24943
24063
25463
23854
24855
23109
24989
22951
26690
26029
19071
26487
28399
19967
24813
26119
23135
25905
23703
24671
24173
24756
23516
25055
27071
22922
20231
30343
23250
21882
26446
24456
23791
26159
22633
25519
23871
24241
23542
26927
25781
19908
25335
28830
20159
24491
26204
22907
26367
24014
23839
25518
24201
23082
25292
26919
23623
19992
29399
23959
21715
26363
24069
23317
27148
21703
25491
24348
23255
23455
27123
25809
20816
24055
28945
21154
24319
25909
22511
26642
24299
22851
26308
23918
22429
25527
26903
23898
20493
28366
24664
22027
25967
23954
23147
27621
21259
25263
25551
23076
23405
27516
25402
22035
23273
28655
21885
24458
25865
22765
26438
25069
21747
27032
24006
21653
25702
26778
23920
20984
26971
25335
22634
25559
24017
23415
28119
21300
25022
26573
22383
23003
27775
25047
22954
22295
27613
22611
24601
25508
22609
26103
25827
21182
27542
24249
21154
25797
26809
24156
22239
25690
25463
23211
25228
24063
22941
27708
21661
24660
27101
22130
22253
27803
24401
23770
22555
26767
23501
24828
24842
22999
25714
26223
20979
27514
24863
20910
25639
26765
23740
23269
24470
25411
23775
25014
23766
23115
27803
22058
23898
28017
22199
22024
27967
24607
24441
22936
25815
24299
24991
24235
23268
25187
26475
20597
27173
25359
20766
25543
26887
23796
24280
23434
25251
24378
24711
23615
23615
27410
22831
23613
27965
22541
21744
27487
24223
24567
23273
24507
24653
25343
23670
23643
24782
26623
20803
27111
25701
20905
24852
27084
23550
25261
23161
25195
24963
24703
23295
23959
26665
23407
23255
28070
22647
21571
27295
24257
24767
24076
23631
24987
25725
23299
23757
24743
26031
21111
26539
26028
21350
24277
26741
23382
25787
22851
24043
25709
24829
23091
24381
25903
23590
23055
27703
23039
21599
26907
24388
24905
25040
22587
25105
26230
22935
24310
25102
25939
21478
26337
26234
21865
23735
26623
23045
26109
22811
23461
25719
24983
22682
25093
25493
24030
22781
27324
23709
21754
26087
24362
24878
25880
21955
24973
26511
22797
24304
24959
25499
22311
25845
26397
22658
23182
26143
23186
26326
23287
22663
26086
25271
22266
25275
25091
24171
22824
26971
24680
22165
25442
24589
24665
26367
21714
24080
26878
22769
23783
25311
24819
22996
25255
26253
23320
22895
25447
23356
26692
23807
22425
26425
25559
22156
25629
25017
24055
23045
26291
24874
22831
24662
24757
24884
26594
21802
23631
26819
23031
23567
25639
24423
23668
25277
25754
23934
22851
25228
23445
26706
24519
22029
26097
25949
21883
25615
24554
24029
23623
25767
25087
23526
24063
24428
24552
26719
22085
23306
26959
23615
23393
25748
23947
23742
24437
25331
24591
23376
24643
23559
26671
25166
22083
25621
26263
22015
25703
24799
23629
23780
25399
24774
24390
23286
24279
24476
26674
22679
22959
26903
23735
23320
26199
23826
24019
24635
24675
25046
23843
23865
23895
26463
25215
22222
25158
26203
22191
25469
25023
23449
24395
24759
24749
25301
23093
24182
24541
26609
23175
22862
26558
24014
23319
26462
23852
24031
24957
24300
25386
24063
23179
23631
26249
25479
22446
24487
26271
22432
25511
25047
23333
24662
24811
24381
25896
23043
23700
24475
26603
23618
22971
26033
24350
22918
26246
23703
24051
24908
23983
25591
24919
22887
23659
25882
25517
23025
24031
26152
22775
25197
25278
23481
24871
24556
24181
26623
23231
23243
24385
26130
24079
23256
25503
24487
23176
26026
23643
23867
24959
23659
25357
25637
22735
23949
25951
25635
23486
23979
25757
23333
24967
25343
23591
24681
24619
23503
26479
23911
22833
24538
26180
24406
23771
24839
24872
23074
25343
24256
23743
25295
23259
25242
26323
22615
23493
25833
25399
23914
23699
25599
23657
24987
25241
23702
24482
24383
23117
26600
24221
22343
24175
26005
24445
24198
24133
25005
23407
25503
24455
24027
25351
23581
24522
26822
22783
23284
25433
25013
24207
24135
25118
23891
24718
25226
23928
24441
24404
22661
26558
25051
22292
24403
25741
24418
24663
24045
25101
23687
25118
24645
24359
25314
23502
24201
26998
22905
23103
25031
24963
24549
24238
24397
24383
24456
25055
24270
24357
24613
22783
26442
25518
22522
24250
25584
24339
25063
23791
24755
24095
25115
24242
24534
25162
23679
24013
27237
23415
23021
25018
24932
24807
24662
24109
24366
24425
24563
24597
24507
24707
22854
26332
26027
22527
24001
25177
24093
25495
23601
24375
24119
24831
24223
25007
24541
23689
23479
27027
23900
23060
24670
24546
25077
25253
23438
24502
24457
24464
24260
24599
24711
23060
25539
26495
23269
23951
24847
24086
25458
23935
24012
24628
24506
23956
24989
24552
23902
23291
26650
24523
23246
24607
24701
24355
25727
23508
24860
24894
24503
24777
25066
24373
22505
24762
26030
23423
23407
24332
23871
25515
24392
24308
25370
24806
24247
25394
24299
23583
22854
26127
24930
23540
24597
24767
24917
26091
23494
24615
24591
23616
23908
24912
24275
23452
24713
26355
23950
23705
24343
23891
25674
24800
23730
25173
24369
23814
25619
24721
24287
23471
25747
25159
23572
24143
24107
24121
25720
23334
24625
24909
23741
24415
25439
24103
23451
24047
25660
24178
23732
24231
23941
25789
25079
23654
25454
24465
23605
25555
24695
23935
23289
25213
25237
23711
24075
23903
24182
25755
23383
24383
24957
23639
24215
26053
24331
24170
24091
25805
24948
23964
24331
24130
25615
25071
23275
25193
24331
23246
25481
24732
23882
23699
24940
25513
24714
24090
24012
24206
25798
23695
24433
25143
23691
24256
25913
24063
23935
23613
25191
25043
24078
24119
23871
25181
25125
23358
25264
24319
23117
25037
25033
23750
23979
24243
25302
25243
23871
23879
24140
25661
24167
24399
25313
23723
24055
25889
24132
24359
23579
24775
25167
24423
23915
24070
24917
25243
23451
25129
24670
23343
24799
25211
23966
24170
24109
25094
25327
24027
23848
24100
25233
24523
24101
25523
23917
23944
25471
24191
24319
23741
24304
25182
24743
23915
24153
24716
25350
23981
24983
24879
23545
25113
25415
23965
24367
23663
24739
25734
23950
23743
24077
25047
24679
24119
25375
23935
23629
25503
24375
24498
23951
23855
25162
24991
23781
24267
24471
25179
23915
24622
24887
23487
24612
25631
24198
24810
23703
24492
25581
24225
24063
24141
24931
24740
24336
25191
24179
23631
25329
24862
24511
24478
24011
25094
25637
23838
24294
24229
24811
24127
24455
24941
23722
24268
25396
24226
24631
23687
24151
25500
24547
23783
24381
24654
24633
24332
24947
24310
23475
24888
24855
24434
24427
23615
24891
25718
23871
24187
24347
24652
24355
24439
24859
24021
24052
25012
24345
24846
23964
23834
25526
25045
23895
24167
24653
24599
24729
24655
24486
23389
24531
24691
24635
24633
23655
24551
25775
23914
24234
24562
24646
24607
24480
24828
24123
23922
24794
24469
24851
23996
23589
25190
25087
23895
24537
24169
24483
25006
24869
24757
23764
24313
24903
24747
24651
23671
24356
25421
23971
24205
24291
24467
24557
24820
24930
24495
23842
24660
24456
25037
23819
23670
25096
25359
24006
24587
23972
24311
24725
24622
24775
24109
24247
25063
24834
24841
23695
23816
25577
24447
24304
24299
24167
24260
24870
24677
24758
23829
24381
24663
24846
24439
23573
24667
25365
23957
24319
24079
24287
24676
24535
24661
24071
24157
24803
25002
24821
23875
23693
25112
24539
24159
24682
24031
24146
25069
24543
24915
23850
23993
24916
25071
24743
23679
24481
25379
24079
24496
24179
23911
24671
24519
24640
24511
23691
24153
24663
24729
24074
23867
25019
25008
24232
24716
24204
24302
24988
24247
24843
24022
23991
24703
25131
24606
23959
24190
25430
24321
24439
24237
24170
24403
24631
24447
24753
23784
24283
24861
24899
23942
23829
24905
25085
24366
24846
24141
24139
24955
24221
24847
24214
23882
24420
24921
24465
24306
23849
25309
24306
24747
24548
24183
24551
24791
24629
25051
24102
24154
24695
24870
24439
23758
24615
24975
24255
24558
24159
24199
24756
24258
24919
24452
23927
24443
24925
24659
24241
23906
24834
24503
24602
24561
24315
24159
24822
24503
25360
24195
23900
24585
25044
24590
23998
24442
25090
24283
24631
24207
23959
24495
24379
24998
24967
23766
24303
25215
24881
24479
23919
24757
24823
24287
24655
23990
24236
24825
24298
25119
24071
24038
24613
25167
24746
24151
24367
24922
24375
24713
24283
24071
24395
24214
24752
24950
23773
24151
25083
24855
24558
24127
24165
24734
24478
24683
24191
24110
24880
24032
25050
24311
23796
24547
24943
24621
24501
24043
24881
24422
24518
24471
24012
24045
24430
24459
25176
23967
23836
24834
24733
24783
23983
24223
24826
24590
24691
24483
24319
24469
24325
25115
24660
24151
24135
24733
24784
24621
24033
24720
24709
24535
24567
24190
24055
24711
24461
25109
24239
23679
24706
24658
24654
24236
24081
24894
24751
24842
24621
24047
24407
24173
24923
24863
23887
24181
24793
24599
24627
23793
24443
24855
24547
24843
24415
24335
24479
24463
25301
24308
23827
24590
24472
24475
24413
23743
24654
24679
24496
24723
24248
24456
24471
24663
25087
24129
23921
24807
24543
24715
24023
24063
24799
24634
24637
24359
24059
24703
24380
25156
24639
23759
24391
24738
24843
24699
23879
24447
24795
24303
24692
24035
24159
24231
24670
25101
24425
24012
24555
24397
24488
24309
24012
24683
24384
24758
24317
24263
24437
24314
24885
24935
24027
24075
24727
24717
24726
24046
24165
24623
24330
24748
24262
24057
24326
24369
25165
24744
23909
24631
24629
24781
24389
24020
24690
24605
24581
24543
24429
24127
24227
24439
24907
24162
24083
24499
24653
24935
24219
24287
24837
24497
24769
24461
24198
24171
24319
24912
24670
23641
24532
24438
24766
24765
24159
24561
24600
24415
24799
24461
24263
24454
24347
25118
24142
24008
24626
24486
24630
24135
24035
24799
24398
24920
24593
24429
24271
24301
24783
24815
23927
24006
24463
24607
24612
24141
24391
24667
24495
24933
24363
24213
24475
24346
25081
24475
23915
24732
24502
24649
24465
23823
24724
24504
24384
24598
24269
24316
24465
24633
24933
24116
24087
24333
24505
24894
24293
24112
24707
24327
24798
24423
24177
24371
24324
24931
24717
23977
24715
24437
24613
24637
23742
24459
24215
24599
24744
24383
24063
24348
24307
25333
24295
24123
24465
24841
24874
24426
23979
24877
24317
24563
24605
24311
24425
24107
24813
24980
23798
24522
24569
24587
24759
23980
24342
24531
24477
24853
24335
24061
24447
24127
25353
24448
24165
24013
25221
24125
24106
24108
24119
24190
25035
24915
24137
24503
24414
24381
25155
24379
24543
24599
24831
24947
24035
23956
24695
24534
24963
24713
24277
24191
24183
24663
24411
23707
25000
24270
24445
25061
23231
24686
24518
24430
24746
24764
23901
24185
24182
25031
24437
24405
24523
24742
24783
24315
23948
25023
24315
25105
24925
24053
24415
23915
24653
24525
24286
24279
24350
24545
24737
23903
24508
24461
24655
25029
24973
24278
24603
24223
25059
24439
23923
24235
24227
24687
24521
