SWV ITM Data Console - ITM Port: 0
24430
24365
24501
24588
24590
24665
24478
24556
24307
24111
23959
24043
24211
24546
24503
24724
24636
24593
24795
24727
24599
24677
24697
24635
24273
24655
24515
24357
24301
24508
24541
24507
24479
24388
24303
24274
24436
24654
24487
24626
24643
24701
24533
24623
24562
24471
24401
24447
24243
24303
24437
24127
24309
24251
24100
24174
24522
24343
24367
24431
24607
24534
24810
24675
24499
24421
24529
24274
24489
24598
24479
24499
24153
24163
24326
24137
24239
24470
24521
24393
24743
24697
24739
24594
24458
24355
24525
24671
24367
24376
24359
24502
24566
24385
24601
24935
24846
24375
24215
24363
24211
24116
24323
24597
24637
24442
24455
24550
24537
24518
24695
24493
24109
24103
24241
24310
24499
24652
24535
24316
24395
24340
24356
24455
24471
24489
24445
24491
24499
24656
24442
24965
24729
24621
24401
24534
24243
24327
24356
24543
24511
24639
24624
24617
24532
24450
24358
24487
24367
24446
24708
24358
24548
24792
24629
24400
24394
24375
24663
24731
24511
24527
24540
24606
24374
24414
24565
24461
24476
24299
24107
24366
24399
24357
24542
24407
24447
24491
24555
24326
24618
24762
24673
24507
24435
24565
24402
24408
24395
24153
24319
24498
24563
24471
24411
24533
24474
24639
24447
24538
24653
24467
24648
24431
24402
24255
24311
24317
24859
24455
24619
24437
24487
24733
24381
24363
24727
24463
24603
24675
24393
24567
24492
24413
24343
24395
24527
24506
24554
24659
24457
24696
24511
24599
24293
24445
24507
24424
24463
24409
24351
24349
24440
24501
24462
24318
24562
24429
24668
24359
24447
24479
24586
24217
24459
24437
24397
24506
24427
24357
24663
24561
24423
24421
24437
25195
23766
24887
29980
18774
15847
40403
29521
8534
26111
32591
27467
15567
23288
40631
18627
9050
29119
24695
20163
40399
12367
18979
40482
12535
19667
40439
12581
20769
34733
24780
19214
28617
15700
24730
36798
21373
12945
35647
26948
9869
32565
32213
10538
30873
29227
20799
28475
17627
20804
32828
28111
14463
26586
34620
16895
18559
33230
19349
22846
30381
22136
26909
26038
10012
29155
38445
18687
11979
34128
31550
13157
23284
35502
20182
22080
23969
28020
23499
28549
21413
16863
37903
20795
11731
38993
25509
10643
34833
27099
17525
29049
21583
20494
34032
21739
16822
30124
31743
12398
25703
34699
15490
22577
33454
18725
27175
24489
17129
31927
27999
15514
25697
32470
21935
16754
30555
26607
15193
32989
24740
20895
30242
16501
22796
36037
19135
19131
29144
29559
17214
24045
30271
20081
21920
31339
19783
27223
24933
16656
30943
29027
15791
24683
30580
24797
17194
28809
28367
15436
30396
25617
20667
31335
17853
20504
36095
19753
18237
30063
27994
18223
24315
29250
21769
20925
30486
19551
28095
26597
14035
31195
31013
13863
25893
30114
23644
19303
28117
27539
18621
28107
24086
21879
32404
17757
18858
37829
19347
16981
31944
26064
19391
25308
26802
24021
20963
28616
20006
29014
27743
12180
30975
32609
12039
26605
30475
22371
21471
26631
25175
22726
25997
22879
22937
33042
18080
16532
38283
21391
15607
32240
25203
21064
25696
24054
26165
22422
26779
19853
29701
28273
12395
28504
35151
12563
25213
30447
21447
23978
25789
22589
26671
23815
22303
23584
32605
19403
14579
38021
23943
14079
32202
24534
21507
27531
21835
26097
24811
24921
19627
30537
29547
11744
24511
38191
13183
23713
31933
19531
25511
26192
18877
30005
23223
21079
23955
32732
20444
13623
36875
26465
13330
32205
24247
21305
29665
19665
25044
28631
21052
19711
32133
29035
13047
23492
38696
13739
23327
32630
17205
27779
26668
14399
33669
24218
18020
25677
34043
20009
13326
34825
28803
12479
32170
24347
19632
32249
18263
22576
33834
18587
18711
33659
28294
14705
21335
38290
15574
22332
32817
16297
28783
28606
10903
35494
26266
14423
26761
34558
19711
14875
32117
30501
12712
31077
25293
18731
34570
16959
19576
38527
15919
17415
35070
27676
15694
20835
37015
17823
21534
31975
16460
29853
30603
8711
35899
28662
12095
27439
34663
19053
18262
28356
30804
15256
28919
24815
18996
35669
17011
17246
40533
15753
16613
35273
26723
17925
21463
31992
21470
22233
29192
18163
29215
30905
8685
33745
31724
10799
27334
34824
18727
21293
24961
30003
18986
27196
23630
19979
34803
18241
15451
40644
17371
16082
34844
25907
19037
23517
27251
24440
23726
26095
19721
28194
31269
9983
31071
33762
10720
26314
34338
18459
23834
23135
27892
22668
26581
21948
21582
34059
19503
14730
40447
19373
15067
34403
25691
19447
25799
22935
26471
25702
23487
20591
28019
30975
11446
28733
35074
11298
25315
33896
18254
26072
22490
24758
26197
26358
19674
23521
32888
20871
14637
38734
21285
14271
33895
25791
19670
28563
19191
27314
27863
21445
20840
28741
30305
12567
26937
35981
11509
24194
34103
17647
27541
23066
20915
29607
26511
16909
25799
32173
21403
14255
38223
22911
13221
34079
25719
19089
31628
15287
27425
30917
19110
20131
30804
29055
13637
25900
36479
12215
23035
34613
16466
29357
23518
16815
33016
27085
12927
28639
31231
21042
14123
37133
24585
12266
32891
26103
18623
33786
12155
26773
34916
16519
18641
33858
27279
14442
24281
36732
13662
22011
34111
16987
29998
25589
11419
36916
27978
10190
31075
31309
20269
16087
35210
26155
12571
32016
26142
18041
36623
10286
24106
37164
16472
17733
35263
24660
17647
24264
33751
17390
21787
31564
18556
29631
26805
10219
36740
28990
10239
30809
30143
20561
19677
30891
26175
17103
28170
25651
19791
35335
12959
21569
38866
17003
16235
36523
22479
19851
24644
30665
20352
22254
28973
20240
29696
28438
8771
35618
30440
10797
29905
30206
19735
22351
27719
25702
21118
25202
24831
21835
34262
15453
19403
38519
18866
15183
36445
21495
21591
25501
26963
23203
23598
25244
22167
29055
28460
10229
32738
31642
11253
28335
31199
18550
24831
25945
24432
24363
23437
23586
23407
33427
17044
17511
38342
20429
14443
36612
21101
21852
26549
24350
24501
25685
21812
23302
29157
28450
11023
30377
32941
12189
26726
32431
16787
26696
25047
22647
28087
22471
21818
25405
33135
18319
16303
38111
22335
13227
36773
21000
21829
28399
21011
25357
28408
18105
23575
29999
28659
11072
28761
34573
12863
25105
34266
15119
28903
24787
20057
31425
22524
18549
27607
32903
18487
15533
37353
23891
11739
36681
21311
21148
30526
18342
24981
32805
13753
23870
31615
27910
11727
27419
35077
13817
23011
35734
13461
30694
25063
16665
34583
23525
13934
30487
32899
18167
16023
36042
25329
11837
35749
22295
20063
33135
15910
23710
37940
10150
23054
34440
26866
12855
26573
34503
15919
21241
36223
12415
32190
25279
13086
37374
25955
9387
33204
32378
18027
17851
33206
26024
13947
32925
23250
19781
34618
14339
22654
38719
11679
21834
34437
25549
16506
25931
30323
20351
21152
32399
15690
31127
25301
13851
35055
27925
8943
32627
30335
19307
21253
29007
25487
19105
28701
24147
21248
33165
15531
21739
39056
12439
20523
34994
24597
18126
26189
27071
23423
22108
29157
18601
30307
24779
14052
33547
30059
8897
32147
29119
19467
23316
26397
24763
23175
25439
24058
22025
32610
16532
21615
38566
14352
18831
36003
22927
19771
27257
24051
25392
23167
26123
20582
30484
24637
14429
32844
31119
8459
31566
28827
19353
25797
24811
23063
26792
22717
23603
23910
31704
17347
21231
37439
17114
16809
35505
22559
21219
27983
21015
26660
25130
23140
21688
29808
24651
15694
31231
31768
9615
30394
29011
19450
26966
24932
21330
29783
21763
22551
25290
31007
16858
21119
36763
19135
15246
35827
21183
21947
29434
18420
27183
27251
19295
23912
31077
23487
15806
30799
32650
9395
30039
29519
18765
28775
23835
18766
33698
19791
20319
28146
30602
15767
21735
36145
20942
13823
36659
20056
23397
30383
15799
27734
30955
15078
25335
32249
22519
15419
30850
33039
10415
28437
29947
18229
30527
23512
15751
37521
19587
17434
31423
30023
14759
22411
35170
22675
13203
35972
19591
24126
32297
12903
27603
34536
11189
25814
34391
20400
16567
30535
31771
12635
26623
30583
17555
31390
23866
13564
40631
18979
14355
33679
30025
14525
24039
31299
25167
14888
33646
18973
25711
32099
13918
26071
37049
9318
25970
34251
19819
18362
28819
29206
18293
23723
27367
19915
31275
24519
12414
38660
22137
14127
33716
28659
15210
26267
28429
25461
17271
29967
20281
26257
29931
14884
24789
37756
9723
24333
34935
20348
19861
27957
26389
22939
23213
25877
20991
31122
24375
13119
36963
23531
12760
33785
28493
15303
27402
25761
25955
21064
26209
20939
28107
29238
15995
23231
38223
10569
23509
35171
19983
20658
28557
23262
26452
22939
23581
22105
31645
23511
13533
36537
25167
10487
34556
29055
14686
29086
23607
25465
25066
23342
20012
29761
28659
16127
22215
39660
10455
22111
35509
20178
20954
29141
20243
28882
23751
21179
23191
32147
22767
14991
34201
27327
10783
32859
29315
15450
29727
22361
24111
28659
21289
19343
30683
27503
18258
21495
37809
13391
21291
34751
20603
21140
30021
17695
31011
24848
18208
24167
33209
21252
16928
32778
28787
10333
32127
29228
16143
30715
20971
22225
33053
19317
17790
32596
26844
17943
22199
37197
14141
20661
34781
20717
21263
31613
14265
33250
26712
14581
25338
35054
18633
18693
31607
29524
10039
32223
28426
16844
31453
20047
20009
37399
16825
16238
35031
26143
17328
23734
35285
15901
20451
33239
21243
22474
32030
11695
34063
28798
11986
26095
35916
16559
21433
29607
29180
12177
30407
27083
19583
30738
20042
18551
39614
16639
15925
34605
25630
17846
25359
31093
19501
21089
30319
22517
23900
30631
12119
32927
30511
11771
25710
34951
16275
23755
27754
27879
15959
28215
25151
22507
29355
20892
17763
39799
17707
15710
34647
25387
17715
27410
27703
21929
21879
27709
22844
25660
29205
12427
31883
31902
11607
25751
34503
15823
25284
26665
26122
19561
26815
22961
24828
28254
20809
17195
39841
18255
15659
34320
25245
17535
29611
24717
23911
22891
25341
22940
27893
27367
12836
31259
32991
10751
25895
34601
15327
26822
26363
24015
22742
25866
20985
27708
28017
20377
16542
40491
18541
15261
34227
25443
17037
31508
22012
25611
24252
22708
22832
30114
25318
14027
30017
33670
11364
25449
33748
16015
27695
26287
22071
26196
24546
19275
29396
27821
20467
17184
38663
19729
15712
32959
25155
17087
32508
19713
26303
26139
20447
22376
32637
23278
15237
28654
34371
12125
25081
33333
16179
27581
26796
19783
29522
23797
16879
31535
28374
19467
17135
38214
20629
15697
32255
25393
16484
34245
17650
26799
28587
17827
21573
36092
21270
16198
27775
34989
12783
24634
32885
16591
27526
27546
17155
32637
23894
13599
33462
29892
18131
17649
37076
22224
16271
30502
25943
16151
35533
16060
26171
31859
15287
19524
39473
19491
17462
26470
35008
14061
24286
31406
17431
27081
28515
14442
35339
24471
11308
33518
31278
16870
19406
34090
23409
18861
27703
26164
17606
34557
16071
25295
33418
15134
17831
40077
19455
19086
25343
32474
17723
24447
28011
20245
26268
28726
14617
34279
26301
10319
31999
32407
16009
21589
30741
24109
21599
25371
26186
19765
33485
17012
23949
34879
16591
15551
40211
20419
19922
25143
30060
20084
25308
24839
22646
25645
28813
14431
33307
28440
9739
29663
33890
15717
23291
28723
23734
24043
23831
25117
21534
32305
17272
23313
36085
18149
13839
38898
21940
20111
25381
27193
21431
26686
21411
24119
25535
28182
14903
31746
29884
11004
26855
34611
16463
24771
26683
23039
26415
23569
23134
23674
30085
18216
22647
34590
21220
12467
37559
23087
20257
26326
25205
22423
28983
19415
24866
25919
27573
15422
31083
30406
12877
24444
34875
17521
25875
25764
21828
28004
24383
20795
25815
29049
18899
22491
33559
23046
12522
35416
24341
20413
26859
23519
22671
31307
17673
25164
26962
26545
15580
31077
30415
14655
22132
35111
17695
26517
25533
20237
29339
25523
17787
27787
28623
18647
22327
33311
23953
11644
34316
24978
20434
28005
21799
22283
33684
15740
24607
28853
25662
14987
31727
29898
16334
20052
35255
18151
27264
24865
18477
30630
27157
14143
30225
28227
17883
22481
33605
24361
12470
32418
25572
20935
29025
20573
21758
36346
14418
23393
31434
24291
14765
32881
28943
18678
18175
34863
18415
28222
24453
16777
31148
29208
10763
32343
28789
17088
22485
33718
24571
14437
29554
25814
22064
29647
19449
20799
38069
14505
21498
33543
22991
15026
32995
27423
21440
17524
32610
19263
29083
24270
16372
30533
30957
9305
32797
29559
16606
22270
32879
24488
18466
25798
25883
23757
29334
19559
19307
38010
16613
18895
34384
22945
14926
32063
26335
24313
18228
29339
20698
29803
24272
16741
28822
33081
9520
31103
30643
16593
22015
32030
23887
22194
22749
25049
25757
29221
19967
18316
37397
18870
17095
34733
23506
14993
31442
25015
25487
20021
25784
21351
31110
24058
17579
27031
34169
11214
29280
31591
16885
21885
31773
22765
25852
20949
23422
26515
29102
20023
18270
35814
20807
15967
34123
24507
15459
30759
24191
26311
22663
22473
21678
32234
23677
18985
25377
34583
12747
27195
32117
17852
21783
30807
21445
28479
20519
21311
27181
29474
19740
19071
33541
22797
16067
33189
25923
15859
29845
23549
26216
25982
20264
21267
33302
23203
19903
24131
33837
14364
25558
31487
19393
21601
29975
20447
30521
21359
19502
27034
30506
19535
20622
31558
24246
16691
31037
27099
16792
29024
23031
25457
28654
18686
20233
33872
23067
20495
23303
33014
16511
24271
30335
21079
21279
29490
19623
31727
23271
17480
26269
31359
19100
22263
29289
25500
17681
29406
27464
17591
27964
22859
24898
30702
18485
19135
33807
23229
21071
23282
31225
18083
23879
29106
23286
20995
28437
18934
31991
25370
16050
25774
32415
19103
23794
27321
26086
19022
27810
27479
19165
27000
22575
23798
32077
19224
17875
33231
23927
21118
24135
29235
19586
24267
27174
25460
20859
27542
18749
31477
27302
15181
24493
33284
19043
24530
25935
26483
20673
26565
26633
21563
25931
22318
23069
32684
20866
16584
31849
24598
20755
25293
27549
21154
24717
25644
26779
21228
26950
18655
30591
28633
15640
23301
33425
19223
25041
25551
25928
21438
25566
25330
23923
25015
22273
22336
32859
22763
15315
30943
25639
20831
26078
26076
22349
25579
23947
26911
22463
26696
18599
29530
29557
17303
21557
32793
19423
25087
25420
25081
22310
25152
23823
26347
24535
22271
21783
32427
24917
15255
29274
26679
20741
26883
24969
22751
26210
22318
26637
24103
25879
18447
28282
30059
19416
19935
32015
20117
24829
25795
23903
23194
25319
22444
28015
24393
22193
21074
31860
26809
16087
27519
27366
20823
27084
24414
22955
26669
21373
25647
25812
24998
18394
27337
29941
21630
18870
31065
21261
24873
26335
22847
23837
26235
20955
29018
24813
21853
20462
30719
26842
17910
25947
27672
21133
26982
24177
22959
27284
21207
24327
27879
24109
18373
26543
29651
23658
18228
29786
22121
24967
26464
22453
24492
26719
19581
29080
25343
22001
20627
29668
26845
19438
24557
27199
21547
26925
24527
23081
27391
21631
23107
29325
23830
19050
25586
29143
24941
18740
28325
22635
24858
26424
22507
24957
27195
18650
28559
26483
21812
20093
28543
26573
21957
22959
26799
21498
26606
24495
22522
27612
22076
21902
30484
23988
19606
25302
28055
25663
19615
26815
23305
24993
25980
22471
25196
27576
18199
27887
27688
21804
20569
27463
25951
24325
22088
26414
22235
26271
24524
22260
27667
22783
20773
30842
24537
20206
24838
27135
26157
21047
25555
23661
24825
25613
22964
24937
27587
17882
26639
28819
22333
20709
26924
25606
26210
21495
25743
22824
26095
24415
22169
27403
23590
19966
30320
24980
20312
24291
26125
26297
23057
23628
24166
25087
25131
23917
24823
28063
18307
25229
29534
22391
20957
26396
24990
27285
21309
24918
23401
26111
23995
22678
27285
24264
19332
29768
25980
20727
23777
25183
25950
25051
22751
23995
25294
24902
24264
24063
27984
19256
24047
29828
22959
21023
25806
24283
27875
21923
23908
24079
26163
23898
23350
26901
25407
19030
28592
26988
21546
23864
24613
25667
26709
21854
23677
25697
24502
24467
23801
27935
20251
23078
29665
23807
21461
25412
23500
28101
23082
23291
24274
26011
23115
24375
26539
26327
19310
26811
27594
21757
23467
23861
24900
27945
21648
23510
25610
23979
24173
23878
27800
21514
22115
28840
24813
21852
25315
22487
27742
24515
22429
24543
26250
22610
25097
25605
26382
19449
25570
28300
22779
23175
23567
23962
28839
21983
23207
26037
23827
23796
24117
27347
22702
21998
27726
25790
22381
25113
21943
27135
25971
21607
24407
26180
22408
25828
24895
26381
20159
24374
28104
23803
23407
23879
23519
29155
22799
22799
26291
24015
23141
24760
26671
24000
21314
26349
26886
22551
24761
21554
26504
27295
21625
24093
26458
22159
25716
24441
26815
21333
23499
27271
24876
23443
23987
22588
28851
23908
21812
26153
24623
22511
25484
25963
24732
21343
24791
27493
23056
24480
21538
25509
28030
21919
23495
26910
22177
25431
24230
26305
22611
22595
26357
26257
23398
24060
21947
27871
25212
21654
26103
25087
22174
26131
25247
25567
22097
23479
27583
23694
24487
22025
24795
28210
22499
22652
26879
22381
24857
24604
25878
23723
22487
24730
27191
23377
24378
21373
26782
26530
21415
25719
25594
21915
26365
24821
25365
22764
22607
26968
24813
23806
22481
23897
27694
24133
22227
26974
22521
23679
25483
25461
24949
22627
23316
27716
23995
24611
21425
25859
27113
21906
24983
26063
21767
25959
24492
25646
23973
21954
26204
26012
24329
23188
23115
26877
25260
22039
27299
23063
23246
25919
25213
25503
23268
22251
27588
24305
24223
21591
25119
27558
22797
24277
26181
21859
25074
24885
25248
24829
21647
24689
26817
24278
23763
22783
26469
26341
21367
26479
23743
22719
26125
24857
25469
23935
21276
27562
24997
24063
22181
24438
27071
24008
23415
26777
22418
24131
25087
24901
25471
22137
23507
27527
24404
24063
22370
25321
27195
21695
26057
24334
22485
25905
24667
25087
24949
20597
26848
26342
23851
22909
23727
26479
24903
22416
26719
22761
23645
25793
24521
25855
22415
22547
27827
24912
23879
22530
24275
27273
22654
25573
25143
22707
25254
24562
24869
25958
20677
25487
26708
24302
23287
23371
25695
25972
21993
26597
23247
22831
25907
24677
26293
23678
21397
27435
25522
23903
23057
23594
26771
23467
24754
25721
22924
24397
24996
24167
26621
21317
24084
27188
24445
23689
23125
24671
26906
22256
26279
23775
22263
25759
24317
26148
25022
20870
26399
25994
23787
23831
23076
26455
24687
23563
25647
23238
23609
25527
23479
26811
22051
22929
27239
25182
23715
23527
23671
27164
22783
25690
24347
22623
25131
24664
25493
25791
20919
25034
26258
24203
24201
23015
25424
25767
23533
25722
23774
22689
26051
23718
26998
23231
21982
26354
25668
23949
24150
22971
26779
23807
24933
24735
22847
24505
25239
25126
26455
21390
23935
26364
24623
24879
23119
23857
26037
23503
25928
24134
22463
25477
23675
26691
24271
21699
25495
26025
24087
24839
22303
25535
24551
25221
25073
23459
23198
25476
24238
26835
22255
22911
25866
24867
24983
23665
23060
25649
23718
25453
24639
22951
25081
24091
26132
25364
21983
24403
26145
23938
25097
22939
24745
24792
24662
25063
24223
23103
25540
24007
26428
23342
22973
25474
24987
24545
24566
23095
25364
24111
24926
24970
23135
24478
24402
25364
25765
22767
23727
25724
23883
25439
23620
24350
24954
24495
24892
24492
23071
25019
23993
25944
24343
23131
24763
25231
24356
24762
23347
24518
24589
24625
24988
23801
24079
24591
24734
25623
23423
23581
25404
24037
24815
24011
23894
24759
24655
24742
25121
23398
24727
24048
25386
24727
23363
24543
25339
24229
25007
23430
24220
24703
24361
24988
24351
23830
24271
24629
25755
23985
23381
25089
24269
24950
24459
23997
24719
24438
24367
25002
23719
24547
24271
25082
24811
23671
23950
25067
24247
25207
24114
24299
24700
24386
24630
24739
23818
24623
24224
25418
24463
23698
24661
24671
24729
24844
24019
24585
24746
24351
24919
23919
24399
24371
24717
25028
24074
24113
25123
24069
24981
24091
23979
24851
24433
24521
24854
23863
24526
24202
25151
24699
23801
24379
24430
24477
24795
23933
24303
24733
24199
24905
24441
24223
24556
24551
24970
24224
23965
24860
24275
24717
24375
24061
24735
24639
24554
24620
24111
24349
24463
24726
24870
24100
24359
24647
24310
24938
24142
24126
24885
24175
24746
24560
24147
24365
24665
24694
24726
24111
24541
24349
24688
24540
24237
24521
24466
24143
24718
24187
24235
24418
24873
24835
24409
24387
24810
24475
24756
24495
24187
24607
24165
24779
24610
24414
24341
24475
24479
24759
24170
24601
24327
24500
24731
24191
24408
24549
24254
24595
24163
24366
24323
24680
24553
24411
24328
24597
24315
24665
24410
24264
24493
24257
24615
24691
24475
24443
24398
24314
24799
24160
24453
24549
24383
24619
24477
24291
24709
24273
24703
24499
24219
24439
24493
24478
24475
24255
24459
24381
24549
24781
24254
24395
24308
24447
24725
24307
24439
24495
24461
24796
24389
24393
24462
24607
24450
24415
24255
24735
24404
24766
24680
24237
24431
24491
24480
24282
24311
24479
24213
24597
24597
24221
24593
24633
24375
24597
24552
24263
24392
24460
24664
24507
24228
24447
24441
24383
24314
24229
24412
24383
24601
24658
24515
24387
24467
24601
24591
24235
24287
24511
24476
24422
24421
24367
24536
24439
24471
24557
24237
24551
24271
24780
24365
24255
24415
24590
24702
24422
24374
24357
24463
24425
24447
24461
24410
24599
24592
24559
24505
24490
24471
24515
24486
24494
24686
24453
24401
24335
24446
24339
24549
24457
24835
24587
24329
24367
24425
24449
24615
24601
24359
24343
24438
24519
24406
24349
24566
24369
24531
24404
24395
24555
24481
24351
24406
24362
24515
24426
24591
24325
24479
24461
24425
24410
24612
24495
24398
24504
24339
24408
24466
24403
24379
24657
24544
24593
24359
24414
24444
24563
24491
24554
24458
24394
24549
24499
24328
24511
24339
24505
24594
24728
24397
24489
24311
24535
24435
24467
24311
24507
24245
24459
24395
24483
24619
24478
24319
24319
24355
24438
24609
24511
24436
24425
24523
24530
24683
24469
24507
24605
24378
24710
24531
24613
24391
24511
24373
24427
24387
24327
24447
24439
24539
24363
24502
24464
24633
24483
24693
24510
24405
24493
24543
24478
24495
24422
24351
24495
24553
24431
24415
24598
24441
24630
24435
24602
24810
24123
24595
24459
24555
24524
24441
24493
24612
24405
24335
24559
24651
24425
24605
24713
24549
24391
24287
24303
24660
24471
24459
24532
24350
24521
24347
24623
24419
24494
24645
24395
24495
24511
24375
24425
24519
24366
24383
24333
24535
24297
24363
24450
24303
24543
24590
24492
24639
24590
24465
24637
24347
24451
24435
24530
24442
24315
24511
24543
24700
24488
24317
24421
24537
24391
24404
24529
24527
24439
24388
24547
24447
24493
24655
24563
24645
24525
24498
24467
24172
24484
24463
24489
24562
24315
24543
24516
24324
24503
24545
24633
24461
24443
24415
24497
24458
24251
24591
24559
24642
24604
24337
24381
24260
24420
24430
24499
24397
24501
24543
24641
24477
24489
24468
24271
24649
24229
24639
24639
24423
24477
24544
24551
24253
24471
24430
24430
24511
24449
24421
24399
24499
24486
24347
24639
24613
24438
24463
24503
24543
24375
24429
24481
24604
24287
24234
24734
24450
24526
24417
24491
24399
24499
24377
24464
24447
24607
24443
24375
24389
24459
24337
24415
24711
24234
24469
24489
24616
24391
24404
24489
24205
24415
24330
24381
24592
24531
24508
24471
24469
24463
24501
24839
24270
24591
24556
24422
24407
24439
24510
24317
24319
24246
24367
24511
24503
24340
24522
24395
24466
24494
24630
24478
24697
24664
24477
24516
24367
24450
24360
24312
24510
24303
24351
24335
24404
24591
24398
24255
24831
24595
24649
24359
24457
24358
24465
24441
24604
24381
24247
24607
24555
24311
24363
24445
24437
24351
24593
24790
24511
24527
24598
24445
24186
24476
24449
24380
24367
24607
24511
24447
24477
24460
24472
24713
24457
24413
24401
24422
24421
24410
24500
24371
24495
24559
24665
24631
24299
24561
24375
24463
24514
24499
24373
24143
24509
24519
24557
24363
24381
24537
24559
24510
24475
24491
24631
24326
24511
24525
24400
24498
24411
24223
24695
24524
24374
24567
24431
24533
24515
24551
24394
24447
24639
24495
24592
24319
24729
24332
24520
24207
24508
24285
24470
24356
24767
24474
24531
24453
24383
24549
24625
24612
24543
24653
24603
24479
24365
24319
24278
24480
24635
24325
24355
24304
24171
24317
24306
24299
24420
24479
24543
24466
24712
24462
24519
24611
24610
24463
24599
24566
24381
24591
24413
24421
24567
24426
24487
24239
24511
24247
24285
24605
24291
24743
24607
24599
24430
24660
24475
24351
24614
24405
24469
24546
24645
24373
24388
24379
24440
24485
24353
24407
24734
24545
24611
24484
24199
24420
24351
24503
24522
24471
24303
24345
24431
24469
24495
24503
24404
24605
24559
24445
24737
24655
24475
24533
24543
24543
24632
24628
24519
24229
24191
24283
24393
24434
24370
24431
24543
24471
24621
24606
24469
24423
24693
24490
24661
24389
24349
24390
24399
24383
24380
24490
24531
24767
24491
24447
24484
24245
24540
24335
24646
24439
24495
24370
24439
24475
24540
24587
24633
24366
24723
