SWV ITM Data Console - ITM Port: 0
24411
24390
24587
24438
24294
24371
24387
24382
24279
24305
24495
24423
24465
24395
24470
24465
24243
24828
24557
24618
24596
24212
24503
24375
24499
24395
24668
24467
24423
24311
24405
24293
24565
24447
24629
24357
24559
24539
24462
24323
24444
24491
24614
24600
24382
24593
24281
24229
24279
24333
24532
24741
24494
24407
24223
24183
24254
24479
24408
24487
24551
24655
24191
24371
24512
24405
24371
24504
24604
24318
24093
24391
24587
24512
24552
24769
24458
24245
24333
24203
24281
24335
24319
24461
24609
24629
24934
24710
24533
24623
24602
24443
24535
24415
24291
24367
24368
24310
24533
24588
24500
24707
24479
24466
24463
24251
24453
24558
24399
24588
24533
24541
24684
24535
24670
24517
24559
24595
24491
24711
24721
24456
24497
24491
24381
24425
24453
24225
24312
24399
24502
24311
24246
24302
24541
24591
24635
24657
24453
24441
24543
24347
24591
24517
24502
24451
24517
24396
24319
24411
24464
24367
24387
24447
24503
24523
24447
24375
24495
24636
24431
24674
24427
24467
24266
24376
24478
24310
24299
24431
24511
24511
24489
24372
24406
24406
24610
24326
24652
24469
24426
24440
24443
24695
24525
24543
24660
24379
24657
24788
24363
24531
24541
24595
24289
24553
24419
24223
24406
24430
24432
24325
24631
24255
24395
24595
24605
24517
24534
24522
24395
24612
24566
24617
24511
24441
24457
24487
24517
24525
24471
24471
24416
24502
24655
24503
24234
24347
24435
24535
24550
24203
24317
24349
24521
24315
24536
24654
24447
24463
24438
24429
24618
24502
24384
24295
24479
24427
24469
24382
24524
24211
24675
24345
23950
22754
30427
22088
18794
29575
27111
18251
31301
22559
18121
31400
23805
17835
33002
23597
16776
32071
26475
11828
33850
30993
9655
30094
30883
15068
30436
27967
10175
31652
33715
15103
21023
30741
21119
25771
31503
16701
22233
35294
13612
23173
37937
16316
19407
35116
24773
15977
24566
27003
23691
26451
24411
19986
31284
24412
14151
32911
28519
12383
26645
36843
23873
9828
26306
34047
18163
30205
26471
8961
38697
23785
11439
36838
29651
8927
33049
32919
12032
20876
38084
17780
20211
36135
13895
27241
35659
8547
24558
37589
18259
18695
31930
23885
20268
30451
20991
21986
32477
19793
16273
37287
21922
14004
34315
27807
14378
28289
24937
25413
23139
24861
22606
29071
27134
14581
26791
34668
12255
24745
35339
20519
19400
27014
24974
24623
25897
22300
22519
29721
23961
16019
32863
25560
14583
31271
29041
16099
26943
24207
25151
25673
24543
19535
29167
29314
15299
24898
35178
14651
22742
33842
20578
20337
28440
20841
27805
27005
18363
24749
31350
21471
16816
33729
25653
13793
31422
28493
17193
28001
21620
24535
29599
22733
18079
31053
27162
16107
25883
33872
15333
22303
32858
20585
22003
27726
18542
30719
26443
16036
27428
31272
20011
18631
32903
26035
14763
30255
28343
18780
28391
20739
23294
31343
20741
17383
32847
25567
17247
25488
31970
17607
21703
31217
21896
22941
27629
17055
31669
27135
15215
26906
31596
20174
19595
30854
26487
17004
28162
27692
20443
28467
20808
22087
33267
20747
16434
33703
25071
17904
25548
30632
20023
21992
29483
22619
24013
27724
15599
31411
29305
15091
25606
31779
19967
21126
29294
25949
18635
27039
27066
21690
28575
20309
20466
35068
20973
16022
33939
24641
18516
25514
28927
21416
22783
27677
22951
25326
27244
15183
30750
30262
15201
24955
32365
18919
22410
28525
25113
20566
25774
25502
23229
28505
20374
18823
35724
21482
15648
33501
24755
18887
26141
27213
22515
24011
25341
23825
26645
26755
15710
28979
31546
16021
23700
33063
18630
23157
27678
24211
22907
24937
23695
24831
28566
20271
18303
35291
22975
15698
32460
25183
19129
26546
25931
22909
25573
23051
23711
27727
26213
16127
27359
32279
16730
22380
33453
18715
24175
27207
22807
24887
25167
21412
26031
29039
20535
18055
33924
23981
16285
30824
26365
19115
27330
24774
22962
27543
21397
23372
28890
25875
16767
26173
32168
17946
21477
33114
19058
24736
26863
21455
26390
25839
19207
27369
29484
20346
18853
31895
25161
17467
28910
26924
19096
27853
23762
22505
29362
20769
22483
29763
25519
17115
25196
31465
19255
21247
31995
19784
24693
26891
20815
27044
27240
17530
27695
29561
20691
19745
30387
25884
18607
27349
27356
19311
28541
22619
21993
30623
20267
20919
30793
25449
17815
25279
30587
20550
21377
30461
21048
24746
26774
20089
27372
28258
16079
27894
30108
20510
20574
29207
26091
19999
26010
27197
20009
28779
22011
21356
31733
20507
19263
31483
25415
18046
25663
29119
22134
22215
28750
22019
24959
26869
19429
27055
29450
15047
27371
30567
20367
20798
28247
25694
21599
24867
26417
21027
28983
21864
20574
31994
21775
17542
32223
26087
18300
26163
27118
23337
23151
26703
22862
25299
26729
19427
26595
30639
14941
26181
30939
20429
21119
27759
24591
23189
24382
25275
22414
28895
21711
20500
31966
23388
16468
32088
26369
18579
26294
25599
23782
24397
24552
22737
26096
26445
19128
25883
31231
15708
24648
31351
21042
21357
27985
23035
25195
24708
23691
23704
28583
21755
20651
31320
25017
15848
31359
26837
19135
26239
24519
23805
26077
23139
22590
27005
26091
19108
25023
31667
17351
22564
31629
22029
21233
28287
21361
26425
25399
21893
24455
28873
21695
20715
30287
26214
15958
29801
27583
19585
26175
24255
22783
27840
22584
21802
28238
25963
19529
24476
31577
19591
21090
31123
23150
21466
28849
20287
27147
26552
20493
24292
29361
21468
21195
28646
26741
16853
27727
27543
20526
25714
24671
21463
29047
22893
20503
29257
25930
19608
24411
30985
20858
20436
30071
23805
21583
28470
19375
26958
27735
19547
24005
30259
21023
21451
28087
27340
18191
26266
27577
21530
25595
25054
20232
30519
23609
19399
29759
26101
19306
24788
29317
22079
20645
28839
24479
22267
27998
19511
26223
28790
18909
23423
31321
20441
21938
27527
26837
19823
25262
26678
22772
25618
25239
19282
31171
23965
18285
29765
26803
18980
25295
28262
22920
21503
27103
24447
23277
27357
19391
25327
29641
18697
22383
32165
20414
21871
27501
26489
21119
24716
25807
24021
25693
24822
18733
31012
24819
17401
28975
27479
18431
25787
27305
23167
23106
25611
24527
24765
26847
19906
24595
30702
19461
21693
32647
20652
21875
27343
25874
22463
24871
24193
24940
26218
24260
18365
30605
25471
17176
27973
28643
18108
26212
26239
23349
24523
24337
23679
26169
26531
20305
23597
31017
20414
20732
32469
21235
21644
27291
24591
22939
25559
22423
25557
26975
23837
18599
29814
26153
17847
26815
29487
18237
26271
25755
23085
25925
23485
22319
27346
26514
20458
23442
30819
21227
20017
31499
22599
21037
27609
23813
23415
26922
20471
25563
27868
23167
19319
28975
26642
18609
25663
30143
18649
26047
25647
23001
27061
23667
20985
28186
26602
20177
23247
30062
22511
19767
30159
23829
20987
27565
22998
23510
28314
19355
24951
28645
23416
19607
28191
26573
19950
24670
29840
19563
25766
25629
22497
27191
24332
19366
29098
26832
19983
23231
29443
22901
20175
28585
24870
21391
27375
22720
23707
29651
18751
23957
30106
23285
19984
27816
26186
21201
23479
29005
20671
25783
25365
21811
27311
25630
17842
29247
27490
19973
23814
28653
22989
21211
27212
25215
21841
27327
22207
23693
30170
18924
22807
30511
23306
19852
27730
25675
22310
23503
27817
21687
25695
24930
21335
27502
26631
16703
29091
27707
19927
23997
27830
22857
22701
26087
25407
22874
26797
21788
23915
30534
19421
21656
31117
23383
19967
28079
24767
23140
23753
26293
22824
25885
24245
21304
27479
27718
16297
28539
28323
20064
24123
27690
22541
24295
24875
24748
23951
26333
21527
23669
30020
20463
20394
31250
23804
19783
28188
24229
23482
24500
24836
23604
26751
23775
21293
27369
28169
16343
27279
28557
20382
24155
27490
21767
25571
24287
23987
25275
26207
21103
23701
29772
21733
19488
30811
24185
20122
28251
23647
23635
25335
23531
23971
27467
22882
21389
27293
28409
17245
26424
28869
21273
23772
27426
21167
26735
23839
22925
26345
26375
20411
23754
29260
22807
19102
29889
24507
20625
27792
23171
23589
26604
22468
23820
28631
22374
21339
27504
27991
18285
25633
28549
21743
23821
27051
20692
27465
23750
21775
27087
26845
19645
24301
28757
23451
19383
29180
24623
21628
27519
23087
23303
27975
21519
23503
29624
21946
21208
27196
27687
19564
24733
27959
22378
23611
27068
20459
27933
24132
20621
27395
27324
18985
24781
28095
24221
20005
28006
24841
22334
26802
23022
23186
28639
20678
22951
30090
21929
20974
27199
26963
20810
24267
27019
22987
24175
26853
20459
28139
24457
20001
27482
28243
18738
25141
27663
24244
21203
26903
24679
23544
26159
23049
22981
29199
20367
22557
30563
22409
20602
27597
26178
21849
24270
25958
23615
24783
25991
20687
27959
25142
19477
27215
28766
18573
25224
27117
24145
22223
26261
24013
24647
25577
23215
22945
29652
20365
22062
30685
22975
20409
27483
25305
22749
24625
24528
24085
25131
25110
20847
27837
25591
19311
26875
29183
18756
25424
26504
23860
23291
25341
23103
25863
25141
22810
23050
29525
20527
21927
30108
23743
20109
27647
24530
23615
25025
23537
24428
26184
24238
21448
27532
26023
19173
26185
29126
19099
25319
26469
23679
24515
24860
22160
26707
24951
22509
23067
29557
20946
21887
29544
24545
20085
27838
23999
24201
25662
22769
24333
27090
23468
21723
27498
26087
19375
25671
29106
19927
24895
25869
23140
25219
25135
21423
27475
25253
22194
23633
29009
21582
21897
28521
25552
20019
27600
23364
24243
26362
21999
23993
28015
22686
22004
27220
26111
19671
24921
28557
21095
24540
25789
22911
26228
25023
20611
28007
25430
21990
24089
28628
21709
21970
27465
25911
20587
27322
22695
24631
26815
21974
23231
28876
22319
22358
27211
26303
20367
24901
27801
22109
24457
25545
22565
26665
25294
19721
27921
25645
21453
24491
28218
22075
22561
26431
25849
21674
26915
22418
24879
27046
21908
22702
29375
21994
22512
27133
25801
21091
24956
26738
23255
24367
25042
22251
27151
25323
19784
27859
26215
21059
24723
27734
22415
23199
25765
25731
22571
26469
22031
24919
27182
21930
21963
29831
21866
22636
26746
25431
21783
24954
25559
24319
24607
24820
22086
27532
25427
19605
27364
26596
20749
24662
27356
22307
23579
24759
25358
23946
25966
21843
24925
27344
22039
21709
29765
22015
22767
27038
25191
22147
25188
24236
25059
24731
24319
22227
27597
25423
20246
26587
26990
20535
25007
27108
22623
24271
24423
24725
24882
25567
21599
25058
27333
22590
21675
29532
22432
22789
26809
25042
22767
25375
23246
25618
25550
23998
21843
27592
25271
20601
25940
27407
20540
24997
26569
22847
24872
24021
24063
25967
25423
21783
24974
27211
22952
21699
29083
22813
22823
26363
24952
22791
25919
22296
25548
25971
23604
21884
27183
25188
21131
25104
27501
21215
25087
26319
22964
25267
23973
23005
26614
25445
21761
24998
27211
23436
21870
28316
23351
22748
25734
24905
23295
26304
21769
25391
26562
23480
21735
27301
24927
22143
24647
27358
21523
25214
25962
23275
25741
24261
22318
27174
25417
21499
25057
26877
23335
22367
27262
23759
22862
25545
24532
23484
26581
21307
25194
27126
23353
21839
27284
24795
22875
24359
27026
22025
25067
25114
23651
25581
24371
21600
27051
25702
21389
24775
26654
23102
22758
26555
24127
23135
25438
24567
23840
26740
21164
24831
27519
23519
21949
27209
24405
23263
24140
26574
22399
25334
24475
23709
25895
24759
20939
27277
25932
21846
24723
26555
23241
23401
25631
24348
23727
25307
24079
24170
26924
21239
24233
27559
23573
21843
27060
24458
23501
24133
25801
23208
25178
23947
24131
25846
25087
20766
27167
25983
21795
24598
26095
23307
24144
25048
24361
24021
24991
23601
24799
27002
21503
23759
27809
24099
22013
26931
23881
23831
24285
24951
23679
25375
23679
24365
25955
25167
20601
26837
26068
21979
24317
26031
23157
24839
24884
24195
24599
25039
23189
25040
26909
22111
23072
27400
24116
22457
26632
23802
24205
24554
24348
23883
25503
23207
24159
25819
25554
20769
26367
26053
22527
24245
26021
22959
25243
24164
23990
25079
24807
22889
25349
26465
22683
22847
27226
24383
22459
26375
23955
24275
25000
23965
24022
25691
22861
24227
25907
25652
21079
26067
25989
23337
24078
25925
23039
25583
24183
23747
25547
24751
22561
25497
26183
23050
22691
26829
24463
22914
25855
23757
24236
25167
23317
24295
26162
22635
23919
26111
25319
21525
25635
25739
23875
23967
25767
22963
25983
24106
23455
25631
24919
22226
25652
26127
23420
22442
26449
24348
23442
25422
23966
24478
25358
23196
24270
26423
22839
23899
26283
25323
22143
25061
25459
24052
24259
25735
22863
26069
24119
23388
25887
25124
21957
25415
25727
23787
22715
25918
24511
23810
24907
23836
24471
25781
23173
24461
26438
22735
23481
26111
25151
22775
24503
25042
24226
24169
25198
23123
26111
24112
23465
25880
25343
21887
25523
25592
23951
22925
25629
24325
24383
24795
23996
24543
25791
22951
24349
26652
23039
23248
26173
24798
23203
24331
24703
24643
24719
24694
23074
26054
24231
23174
25645
25629
22031
25495
25523
24147
23589
25274
24323
24891
24486
24108
24252
26059
23084
23949
26632
23119
23291
25962
24947
23822
24142
24335
24873
24606
24426
23242
25987
24095
23117
25239
26038
22197
25236
25493
24409
24045
24491
23871
25399
24315
24070
24123
25843
23197
24235
26386
23659
23026
25818
24863
24225
24303
24027
24821
25081
24233
23410
25864
24323
23085
25131
26165
22279
24767
25319
24523
24111
24047
23711
25549
24143
23921
24247
25695
23136
23999
26217
24123
23039
25685
24447
24207
24586
23796
24831
25361
23883
23816
25607
24464
23199
24902
26161
22471
24671
24922
24374
24565
24247
23487
25852
24467
24007
24379
25683
23222
23991
25749
24415
22995
25314
24497
24423
24741
23512
24670
25524
23979
23848
25621
24675
23369
24991
26110
22991
24591
24998
24525
24727
24295
23133
25930
24597
23733
24319
25511
23427
24115
25470
24726
23114
25339
24479
24917
25033
23320
24166
25752
23798
23890
25174
24605
23473
24633
25693
23444
24392
24400
24547
24791
24286
22995
25663
24867
23419
24377
25714
23487
24087
25317
25163
23199
24816
24279
24778
25175
23255
24087
25922
23757
23743
25250
24730
23499
24350
25345
23783
24156
24447
24621
24959
24870
22807
25503
24741
23855
24494
25469
23439
24119
24799
25449
23519
24771
24055
25029
25175
23495
23743
26013
23999
23725
25277
24741
23727
24536
25275
24403
24216
24171
24678
25206
25001
22759
25347
24985
23606
24703
25343
23771
23972
24685
25119
24107
24630
23884
24892
25242
23566
23581
25886
24204
23765
25486
24787
23948
24508
24699
24655
24330
24162
24241
25147
25203
22693
25097
25117
23791
24548
25606
23823
24443
24486
24811
24350
24477
23464
24918
25163
24141
23149
25727
24294
23729
25159
24665
23887
24355
24829
24971
24357
23847
24144
25115
25241
22935
24783
25047
23687
24567
25390
24069
24662
24104
24907
24827
24479
23718
25112
25419
24444
23067
25519
24374
23742
25034
24606
24010
24526
24203
24894
24705
23900
23989
25243
25054
23039
24421
25213
24044
24090
25354
24087
24727
24356
24527
24949
24719
23605
24775
25312
24805
23090
25258
24277
23941
24868
24790
23767
24413
24110
24943
25087
23989
23673
25258
25137
23519
24247
25087
24007
24097
25183
24029
24371
24071
24319
25122
24735
23261
24551
25172
24990
23426
25099
24273
24121
24885
24742
24197
24641
23717
24519
25103
23802
23407
25185
25012
23995
24047
25098
24247
24027
25110
24173
24723
24083
24012
25245
24946
23443
24550
25152
24871
23737
24986
24445
24252
24596
24639
24319
24831
23944
24717
25213
24139
23486
24740
25030
24287
23904
24815
24231
24061
25087
24189
24655
24099
23966
25201
25200
23471
24455
24963
24950
24126
24738
24487
24333
24356
24879
24252
24826
23551
24202
25295
24026
23654
24696
24998
24350
23948
24658
24264
24175
24828
24459
24985
24239
23869
24910
25287
23583
24137
25125
24717
23975
24329
24495
24467
24207
24815
24095
24823
23867
24170
25431
24429
23490
24660
24955
24473
24091
24534
24693
24379
24543
24127
24684
24611
23755
24847
25690
23961
24166
24793
24766
24444
24171
24133
24461
24255
24811
24375
25001
23915
23929
25258
24895
23579
24590
25051
24694
24189
24291
24524
24399
24347
24596
25085
24833
23698
24309
25412
23890
24182
24729
24799
24617
24405
24380
24639
24239
24841
24389
24779
24045
23855
24894
25066
23623
24627
24778
24459
24635
24487
24511
24310
24309
24548
24884
24801
23711
24333
25537
24135
24085
24521
24814
24695
24793
24395
24689
24111
24335
24267
25051
24153
23775
24947
25296
23781
24543
24509
24763
24883
24412
24623
24637
24223
24469
24655
24782
23958
23947
25357
24429
24042
24209
24415
24561
24643
24155
24789
24166
24493
24527
25287
24397
23849
24733
25193
23795
24284
24283
24505
24609
24048
24212
24688
24527
24634
24672
25149
23999
23981
25181
24456
24045
24191
24490
24724
24747
23867
24657
24461
24187
24303
25013
24343
24056
24289
25326
24088
24231
24371
24588
24895
24223
24191
24810
24113
24374
24711
24837
24295
23977
24833
24743
24039
24443
24447
24753
24914
23966
24764
24407
23822
24485
24975
24652
23935
24300
25327
24435
24421
24089
24450
24549
24485
23935
24740
24187
24168
24771
24768
24187
23911
24734
25155
24237
24365
24405
24685
24997
23970
24804
24417
24063
24527
25031
24498
24078
23821
24879
24431
24216
24191
24355
24837
24946
23883
25151
24409
24063
24852
24986
24377
23925
24305
25132
24269
24345
24441
24479
25046
24270
24786
24667
23910
24303
25021
24586
24169
23732
24729
24748
24101
24191
24381
24757
24802
23971
24821
24527
24055
24503
24940
24817
23897
24183
24917
24509
24213
24255
24319
24759
24235
24319
24927
24120
24252
25043
24523
24705
23849
24665
25037
24344
24355
23994
24371
25012
24022
24859
24671
23944
24557
25054
24623
24382
24015
24743
24665
24405
23903
24477
25082
24383
24178
24900
24299
24117
24861
24699
24728
24091
24486
24831
24621
24383
24163
24446
24698
23895
24695
24607
23887
24445
25013
24867
24479
23929
24824
25101
24137
24327
24351
24605
24558
23977
24697
24361
23809
24655
24683
24883
23999
24191
24831
24910
24195
24252
24421
24682
24205
24401
24781
24122
24309
24807
24885
24458
24027
24566
25023
24379
24521
24255
24511
24739
24175
24679
24695
23800
24783
24275
24863
24229
24006
24525
24679
24602
24319
24310
24961
24415
24327
24947
24263
23978
24823
24535
24590
24088
24211
24989
24603
24431
24311
24511
24743
24366
24628
24791
23774
24279
24605
24715
24373
23913
24327
24927
24174
24482
24103
24819
24073
24511
24983
24371
24095
24823
24496
24691
24186
24207
24909
24586
24460
24010
24311
24820
24443
24447
24799
24099
24366
24874
24910
24511
24119
24267
25197
24357
24605
24267
24865
24437
24151
24646
24809
23829
24538
24469
24943
24296
23893
24551
24751
24235
24349
24294
24599
24403
24489
24901
23891
24482
24721
24675
24750
24129
24063
25079
24349
24432
24271
24469
24506
24183
24599
24699
24035
24527
24463
24895
24523
24155
24494
25047
24351
24296
24234
24509
24463
24184
24791
24136
24063
24611
24707
24829
24431
24063
24996
24495
24512
24453
24159
24398
24263
24599
24747
23877
24655
24626
24838
24757
24147
24409
25134
24404
24383
24309
24557
24425
24191
24781
24477
23983
24347
24493
24942
24511
23967
24841
24725
24718
24362
24555
24355
24479
24493
24893
24007
24214
24543
24843
24611
24177
24264
25034
24383
24325
24406
24482
24647
24421
24455
24866
24135
24495
24462
24803
24740
23888
24472
24847
24327
24216
24353
24447
24623
24429
25071
24344
24199
24500
24635
24739
24108
23766
24854
24331
24502
24318
24383
24691
24487
24565
24777
24122
24375
24309
24447
24507
24051
24095
25029
24439
24410
24347
24457
24496
24212
24714
24490
24406
24638
24543
24812
24494
23863
25017
24449
24358
24439
24469
24523
24523
24511
24835
24167
24366
24509
24709
24910
24023
24198
25000
24339
24488
24374
24235
24670
24135
24876
24658
24160
24208
24711
24869
24895
23909
24660
24547
24231
24643
24339
24333
24536
24596
24726
24149
24370
24477
24662
24937
24193
24136
24829
24660
24431
24416
24210
24751
24145
24714
24501
24379
24165
24341
24928
25051
23815
24669
24727
24495
24356
24310
24037
24620
24364
24586
24247
23999
24340
24559
24919
24247
24407
24700
24511
24351
24739
24259
24626
24189
24634
24770
24235
23975
24412
24633
24905
23786
24310
24722
24585
24519
24605
24040
24627
24289
24431
24419
24529
24211
24406
24943
24676
23853
24658
24471
24487
24438
24319
24659
24452
24535
24758
24387
23882
24351
24715
25064
24055
24167
24620
24427
24357
24698
24172
24947
24291
24613
24790
24185
24115
24356
24847
24698
23922
24407
24691
24508
24624
24189
24309
24744
24471
24669
24474
23895
24319
24505
24845
24063
24166
24667
24543
24390
24712
24063
24667
24174
24527
24724
24565
24059
24688
24537
24799
24047
24187
24493
24679
24676
24207
24332
24415
24063
24634
24914
24247
24303
24595
24971
24489
24037
24246
24625
24363
24663
24063
24631
24255
24471
24706
24462
24027
24335
24632
25078
24371
24316
24829
24370
24468
24349
24268
24838
24367
24558
24635
24223
24168
24168
24762
24749
24138
24453
24687
24329
24726
24095
24795
24247
24484
24625
24797
23868
24258
24427
25049
24154
24310
24693
24802
24779
24667
24159
24859
24154
24163
25075
24360
24064
24496
24703
24595
24077
24264
24770
24595
25040
23975
24393
24383
24331
24605
25071
24010
24493
24507
24783
24153
24141
24410
24710
24775
24647
24014
24916
24151
24134
24886
24589
24015
24443
24503
24472
24435
23919
24452
24564
24909
24353
24591
24685
24455
24489
25043
24191
24624
24267
24804
24591
24145
24057
24869
24515
24483
24308
24847
24339
24335
24807
24399
23999
24331
24629
24719
24497
24126
24391
24413
24827
24212
24385
24488
24141
24665
25001
24207
24461
24378
24777
24546
24407
23983
24511
24362
24669
24159
24715
24308
24399
24860
24728
24163
24375
24447
24829
24594
24014
24353
24559
24800
24159
24306
24667
24187
24294
24927
24424
24242
24287
24611
24723
24547
24029
24533
24343
24687
24060
24503
24315
24183
24703
24759
24119
24682
24387
24907
24694
24262
24169
24706
24713
23995
24181
24758
24349
24259
24838
24403
24503
24171
24655
24959
24666
24087
24839
24717
24670
24109
24647
24292
24249
24495
25042
24029
24288
24158
24447
24813
24299
24227
24663
24807
24326
24227
24855
24445
24239
24788
24134
24364
24279
24293
24727
24718
23948
24389
24490
24872
24191
24523
24507
24336
24494
25062
24239
24287
24108
24522
24972
24371
23911
24590
24510
24508
24289
24613
24297
24369
24959
24550
24491
24503
24263
24860
25055
24061
24440
24545
24661
24124
24760
24662
24371
24379
24790
24433
24479
24470
24314
24751
24525
24043
24639
24543
24627
24300
24698
24223
24306
24722
24638
24389
24481
24156
24715
24825
23985
24085
24491
24749
24418
24647
24495
24675
24340
24747
24379
24782
24016
24223
25135
24587
23909
24733
24498
24599
24239
24427
24184
24358
24427
24539
24505
24534
24142
24878
25070
24275
24309
24507
24528
24249
24382
24487
24303
24317
24628
24666
24526
24283
24351
24861
24847
24270
24673
24273
24587
24275
24349
24315
24357
24380
24613
24511
24703
24085
24589
25060
24301
24247
24735
24527
24517
24550
24279
24402
24393
24451
24426
24766
24187
24187
24782
24807
23967
24559
24294
24668
24420
24542
24414
24539
24391
24509
24619
24717
24009
24427
25183
24434
24115
24621
24539
24490
24607
24423
24463
24265
24310
24511
24785
24063
23985
24669
25121
24041
24386
24459
24641
24449
24531
24385
24666
24143
24365
24439
24623
23886
24325
25117
24546
23919
24457
24319
24796
24455
24284
24841
24591
24477
24593
24959
24413
23911
24399
24892
24127
24447
24444
24641
24615
24687
24319
24803
24255
24506
24807
24896
24058
24325
24975
24711
24216
24515
24407
24767
24476
24204
24535
24647
24553
24541
24943
24595
23983
24529
24879
24332
24327
24317
24474
24524
24311
24133
24846
24231
24201
24601
24954
23987
24349
24707
24660
24135
24425
24111
24796
24539
24247
24446
24554
24319
24207
24894
24810
24125
24475
24985
24365
24367
24221
24354
24809
24463
24052
24812
24012
24319
24443
25006
23933
24199
24625
24965
24541
24829
24317
24829
24566
24383
24467
24870
24077
24490
24863
24546
23997
24463
24929
24564
24424
24331
24322
25115
24462
24051
24765
24244
24282
24477
24721
24365
24262
24494
24755
24356
24499
24146
24829
24797
24227
24520
24691
24156
24381
24766
24507
24078
24177
24603
24636
24442
24027
24117
24846
24655
24138
24934
24285
24031
24445
24748
24447
24197
24359
24779
24471
24543
24062
24555
24806
24298
24334
24875
24119
24469
24747
24676
24146
24211
24613
24746
24476
24309
24248
24853
24654
24155
24879
24425
24120
24621
24670
24293
24318
24087
24717
24733
24422
23990
24673
24874
24129
24319
25013
24179
24431
24631
24827
24274
24164
24539
24805
24686
24319
24196
24831
24527
23966
24624
24551
23995
24503
24729
24544
24590
23818
24511
24845
24507
23982
24520
24831
24253
23823
25049
24365
24364
25035
25115
24766
24846
24737
25223
25035
24479
24213
24761
24177
23253
23999
23856
23339
23775
24061
