SWV ITM Data Console - ITM Port: 0
24967
24711
24215
24362
24367
24085
24176
24398
24375
24209
24293
24275
24118
24281
24231
24395
24671
24795
24747
24879
24517
24673
24688
24555
24428
24655
24485
24395
24493
24311
24279
24295
24201
24551
24485
24412
24525
24379
24399
24391
24187
24491
24166
24442
24399
24279
24463
24421
24402
24440
24519
24327
24839
24349
24343
24367
24430
24541
24374
24451
24389
24511
24325
24494
24446
24347
24537
24499
24607
24420
24483
24495
24609
24599
24849
24349
24451
24637
24447
24420
24489
24502
24427
24429
24063
24551
24393
24553
24511
24600
24655
24338
24307
24528
24266
24415
24307
24367
24439
24319
24429
24598
24534
24715
24499
24718
24369
24517
24406
24379
24353
24223
24223
24293
24463
24724
24411
24379
24162
24387
24527
24894
24719
24617
24525
24308
24315
24251
24447
24190
24299
24366
24653
24707
24415
24643
24559
24207
24299
24183
24197
24639
24620
24471
24332
24631
24519
24559
24457
24447
24751
24555
24298
24154
24299
24259
24445
24303
24610
24286
24443
24499
24427
24383
24253
24150
24337
24431
24615
24492
24468
24683
24541
24325
24414
24543
24557
24555
24493
24342
24205
24362
24459
24295
24293
24447
24539
24239
24727
24493
24439
24550
24534
24365
24431
24541
24528
24415
24251
24483
24399
24432
24277
24611
24548
24361
24401
24309
24474
24381
24693
24619
24487
24467
24479
24399
24303
24506
24335
24417
24378
24429
24601
24446
24535
24343
24347
24643
24609
24317
24385
24527
24287
24475
24441
24319
24340
24362
24356
24346
24495
24646
23455
25261
25323
22405
23895
29943
21711
19549
28159
25470
23095
24174
21580
30077
23011
19787
31375
20499
20927
29948
20832
28531
29798
9756
26793
34543
16727
23158
34843
20691
18854
28773
20955
21323
34711
22684
18001
34966
21154
11048
39955
26981
9511
33077
30371
17174
25904
24061
18863
32706
28604
12799
28951
30675
12103
27090
34980
18094
20197
31642
21872
24312
24903
17462
30181
30549
17714
24155
31013
21235
17286
31959
26936
16736
28115
28703
22327
24707
20685
20730
33096
25929
17055
27627
28046
17054
25067
31691
19983
19858
32146
21471
25503
25636
16307
28797
31407
18447
22787
30961
22700
16039
31573
28014
16231
27861
28221
20437
28456
20253
17255
35885
24523
15718
30404
27167
16875
25379
31480
20571
20182
31143
20723
27575
25835
14822
29735
32410
16468
23431
30319
20590
19270
31071
26411
19308
25607
26377
22375
29231
19441
17727
36907
23343
16763
30635
25941
18656
25519
29113
22584
21529
27615
21310
29379
25249
15327
27423
32287
16847
23725
30387
21151
20856
28505
25467
22270
24125
25447
23351
29429
20295
17663
35079
24389
17911
29535
26299
19835
24746
27165
23726
23173
25694
21629
29582
26127
15555
24834
33720
17773
23089
30463
21199
21430
27437
24239
24171
24131
24055
23642
30985
20519
16592
33662
26235
17833
28722
26727
19501
25564
25973
23514
24753
24106
21739
29350
27145
16079
22664
34593
18568
22767
30487
21246
22222
27334
22935
25967
24420
22527
24009
31160
20703
17650
31126
27135
17759
28259
26613
19284
26421
24725
23231
27261
22722
21479
29521
26927
16698
22255
33951
19494
22899
30077
21485
23015
27231
21497
27165
25539
20813
24286
30902
21097
18879
28887
27824
18423
27333
26367
19420
27050
23966
22717
29326
22451
20781
29173
27587
17837
22386
32395
20679
23285
29054
22092
23015
27469
20156
27463
26735
19265
24414
31215
21483
19954
26762
28287
18833
27028
26125
20431
27587
23711
21563
30067
22385
19967
29344
28123
18335
22879
30491
21484
23334
28123
22337
23097
27775
18901
27711
27857
17961
24299
31505
21543
20768
25718
28218
19867
27171
25494
21589
27679
23304
20403
31257
22691
18996
29327
28308
18997
23543
28426
22949
23639
27589
22501
23103
27935
17919
27375
29305
17814
23828
31679
21869
21136
24767
27646
21075
27311
24834
22603
27295
23260
19693
31581
23462
18244
29151
28293
19319
24308
25908
23871
24315
26607
22273
24223
27828
17684
27118
30461
17407
23367
31391
21896
21655
24869
26088
22586
27429
23111
23667
27179
22898
19202
31951
23945
17886
28935
28044
20039
25271
24082
24531
24936
25519
21895
25335
27341
18144
26225
30996
18095
22435
31206
21819
22228
25338
23946
24101
27474
21730
24727
27470
23011
18696
32175
24503
17502
28387
28095
20159
26147
22879
24431
25791
24860
21305
26373
26703
18783
25347
31142
18875
21745
30974
22481
23119
26093
22007
25563
27658
20646
25382
27715
22705
18635
31530
24870
17887
27742
28149
20779
26471
22070
23853
26838
24558
20975
28321
25887
19448
24422
30936
19987
21309
29871
23011
23685
26661
20435
26035
27938
20109
25339
27922
22495
19122
30202
25246
18985
26491
27713
21353
27091
21902
23050
28228
24241
20505
29462
25432
20191
23930
30507
20946
21264
29241
23192
24043
26680
19263
26549
28399
19733
25137
28511
21964
20030
29273
25693
20633
25526
27228
21786
27324
21803
21663
29229
24276
20042
29842
25049
20654
23493
29901
21847
21565
27781
23550
24603
27109
18219
26411
28963
19236
24461
29305
21627
20797
28101
25853
21653
24533
26553
22029
28014
22079
20570
30035
24527
19005
30340
24751
20343
23789
29038
22267
22868
26055
23827
25167
27288
18039
26155
29407
19034
23865
30292
21211
21735
27318
25437
22925
24200
25516
22627
28740
21968
19868
30031
24500
18468
30355
25006
20590
24447
27974
22596
24391
24507
24254
25884
27391
18175
25674
29373
19421
23398
31150
20996
22561
26602
25104
24014
24040
24114
23913
29019
22274
19503
30189
25167
17819
29940
25583
20247
24687
26479
22470
26151
22933
24143
26547
27131
18418
24773
29795
20183
22855
31510
21261
22712
26026
24179
24717
24655
22307
24547
29169
22091
19606
29513
25909
18047
29247
26386
20143
25262
25213
22561
27791
22049
23435
27022
27473
19067
24439
29769
20927
22317
31021
21427
22639
25669
23175
25124
26024
20818
25115
29127
22301
19933
28647
26096
18323
28367
26934
20681
25935
24402
22725
29007
21871
22658
27719
27019
19004
24376
28832
21752
21967
30310
21973
23018
25894
22330
25357
27346
19324
25343
29218
22411
20719
27765
25910
19451
27444
27374
21096
26197
23883
22431
29615
21795
21375
27781
26919
19573
24685
27652
22659
21593
29225
22550
23603
26265
21903
25511
28423
18417
25175
29147
22631
21127
26983
25510
20338
26325
26941
21834
26117
23752
21775
29594
22469
19962
28317
27017
19588
24950
26634
23354
21729
28287
23149
23995
26090
21316
25449
29526
18222
24800
29225
22799
21599
26751
24869
21779
25597
26363
22799
26029
23501
20990
29595
23791
19358
28564
27486
19998
25437
25695
23784
22489
27147
23663
24781
25821
20701
25026
29943
18623
23661
29670
23126
21919
26714
24283
23012
25059
25458
23501
25983
23263
20627
29363
24878
18604
28274
27350
20406
25967
25192
23595
23356
25909
23578
25797
25436
20703
24418
30292
19047
22831
29475
23361
22069
27079
23403
24347
24823
24519
24441
26580
22883
20408
29213
25823
18467
27886
27238
20247
26155
24526
23535
24865
25126
23277
26907
24951
21118
24015
29830
19977
22355
29198
23295
22151
27326
22463
24971
25179
23522
24907
27023
22610
20892
28437
26248
18748
26979
26973
20970
26179
24223
22873
25981
24308
22605
28159
24772
21131
23927
29135
21025
22299
28503
23982
22454
27526
21758
25439
25237
22311
24881
27935
22237
21355
28079
26342
19495
26399
26965
21452
26201
24403
22193
26897
23759
21713
28516
25002
21140
23869
28921
22011
22232
27571
24404
22685
27622
21341
25199
25573
21631
24436
28459
21849
21726
27375
26447
20916
25499
26815
22263
25791
24503
21759
27292
23689
20919
28927
25372
21089
23794
28032
22855
22511
26876
24699
23005
27462
21366
25063
26748
21241
24210
29400
21566
22319
26430
25983
21565
25055
26013
22771
25942
24607
21562
27867
23647
20385
28809
25679
20894
23966
27448
23138
23363
25690
24735
23761
27250
21373
25158
27161
21103
23375
29686
21623
22565
25885
25474
22395
24907
25183
23671
25786
24831
21640
27977
24088
19908
28262
26502
20749
24401
26339
23303
24103
24726
24588
24500
26694
21285
25084
27314
21087
22908
30123
21868
22991
25439
25067
23193
25151
23813
24285
25696
24484
21653
27789
24522
19911
27603
27241
20557
24779
25691
23295
25064
23934
24133
24871
26122
21416
24903
27705
21316
22726
29973
22312
23103
25455
24455
23827
25503
22931
24995
26010
24429
21572
27482
24654
20171
26899
27391
21116
25265
25239
23330
25771
23559
23459
25375
25693
21606
24939
27220
21835
22001
29433
22941
23145
25181
24050
23754
26041
21986
25319
25942
24207
21787
27407
24807
20553
26048
27939
21423
25451
24744
23157
26379
24111
22685
26212
25727
21859
25020
26878
22473
21927
28443
23803
23363
25446
23607
24251
26955
21471
25388
26351
24109
22061
27130
24815
21456
25165
27503
21858
25547
24136
22944
26494
24199
22026
27082
25763
21911
24902
26669
22973
21971
27764
24269
23605
25407
23358
24197
27324
21014
24885
26814
23807
21967
27011
24863
22155
24341
27338
22693
25428
24183
22839
26351
24783
21366
27099
25574
21983
25157
26569
23242
22167
26690
24598
24319
25237
22954
23851
27615
21238
24303
27018
23938
22103
27244
24490
22989
23613
26587
23230
25583
23948
22750
26352
25566
20863
26909
25835
21831
24620
26354
23510
22607
25679
24802
24463
25711
22890
23669
27759
21676
23807
27395
23671
22160
27013
23982
23561
23590
25976
23789
25807
23903
22775
26069
25873
20509
26604
25939
21913
24767
26338
23391
23469
24743
24684
25131
25471
23178
23525
27643
22168
23264
27355
23979
22143
27005
24309
23969
23519
25082
24029
26162
23760
22812
25694
26323
20711
26031
26163
22143
24526
26451
23222
24391
24307
24186
25354
25390
22812
23739
27302
22923
22798
27326
24282
22055
26664
23855
24071
24032
24053
24131
26662
23658
23038
25308
26515
20941
25755
26322
22555
24239
26343
23247
24953
23757
23491
25702
25358
22595
23535
26857
23455
22734
26862
24471
22271
26349
23967
24330
24724
23743
23951
26925
23615
23037
25041
26422
21463
25260
26406
22910
24138
26079
23231
25471
23962
23061
25938
26045
22574
23732
26508
23787
22755
26429
24951
22420
25915
24119
24379
25323
23247
23623
27354
23815
22919
24799
26293
22094
24767
26079
23393
23870
25899
23293
25671
24319
22552
25855
26367
22581
24056
26159
24063
22999
25754
24948
22773
25679
24058
24121
25674
23004
23038
27710
23921
23117
24851
25963
22587
24551
25635
23871
23874
25799
23066
25787
24554
22103
25495
26851
22719
24172
25487
23999
23058
25505
25055
23125
25479
24051
24207
26071
22846
22638
27436
24271
23199
24949
25679
23162
24703
25173
24477
23877
25363
23082
25804
24843
21751
24895
26741
22654
24236
25213
24063
23711
25267
24853
23759
25263
23855
24334
26205
23169
22271
27076
24375
23208
25059
25199
23294
24679
24825
24771
24147
25245
22974
25723
25183
21807
24456
26733
22894
24338
25335
23889
23984
25154
24531
24557
25046
23837
24382
26093
23679
21975
26769
24738
23586
25188
25205
23242
24947
24169
24789
24415
24901
22983
25854
25292
22231
24208
26851
23141
24191
25110
23787
24115
24981
23983
24770
24898
23563
24127
26202
23773
21983
26231
25050
23516
25031
24893
23543
25019
23881
24702
24627
24605
23323
25987
25618
22893
23559
26633
23446
24315
25147
23836
24069
25134
23787
25142
24782
23325
24205
26327
24047
22313
25872
25133
23707
25100
24653
23611
25309
23690
24460
24955
24755
22897
25895
25378
23263
23208
26361
23513
24547
24999
23902
24272
24978
23283
25519
24899
23523
23804
26295
24253
22549
25308
25311
23869
25117
24541
23610
25590
23685
24177
25555
24647
22940
25786
25243
23383
23067
26062
23789
24830
24999
23903
24319
25124
23014
25463
25135
23445
23679
26111
24396
23049
24863
25055
24091
25023
24683
23662
25594
23611
24063
26034
24464
22871
25334
25133
24063
23077
25546
23902
24827
24822
23989
24177
25396
23013
25367
25353
23586
23624
26259
24365
23775
24469
25220
23998
25251
24326
23443
25445
23794
23807
25908
24669
22591
25209
24996
24221
23506
25194
24005
25068
24667
24071
24030
25338
22843
25190
25676
23615
23766
25932
24479
24279
23987
24670
24169
25161
24335
23738
25340
24005
23422
25915
24531
22922
25109
25233
24139
24155
24857
24079
25284
24656
24109
24053
25510
22919
24904
25902
23716
23532
25932
24315
24651
23901
24461
24055
25262
24381
24087
25234
23983
23335
25789
24777
22842
24846
25307
24395
24376
24408
24203
25214
24298
24150
24146
25230
22911
24773
25839
24042
23447
25640
24362
24601
23978
24206
24245
25435
24031
24215
25102
24272
23183
25581
24988
22987
24518
25061
24445
24487
24140
23997
25198
24471
24189
24196
25208
23039
24624
25636
24086
23806
25215
24063
24711
24193
23850
24319
25543
24015
24471
25111
24503
23255
25541
25237
23551
24684
25114
24460
24958
23851
23621
25174
24635
24222
24651
25383
23363
24526
25497
24338
23323
25020
24151
24919
24474
23742
24315
25645
23767
24385
24913
24446
23319
25273
25331
23799
24149
24655
24371
25055
23871
23377
25159
24951
23967
24590
25199
23486
24191
25147
24607
23569
25040
24210
25081
24903
23798
24125
25459
23773
24333
24747
24607
23237
24870
25535
23843
24407
24498
24239
25087
24179
23547
25300
24741
24011
24831
24911
23438
24059
25024
25001
23679
24627
24045
25112
25157
23672
23950
25279
24019
24719
24910
24733
23351
24943
25049
24376
24284
24335
24231
25435
24483
23337
24983
24826
23910
25015
24997
23859
24049
24598
25018
23939
24735
23966
24862
25231
23743
23907
25309
23832
24594
24987
24891
23494
24701
24798
24700
24025
24202
23941
24944
24637
23468
25259
24831
23779
24767
24905
24055
24107
24703
25102
24533
24561
23603
24900
25099
23752
23531
24944
23851
24275
25311
24611
23751
24347
24367
25080
24191
24292
24094
25287
24679
23271
24805
24790
23960
25070
25055
24261
24072
24647
24723
24473
24540
23598
24790
24893
23843
23623
25319
23796
24319
25042
24791
23865
24590
24333
25083
24489
24212
24090
25364
24971
23789
24415
24680
23839
25013
24877
24121
24366
24403
24465
24944
24478
23581
24645
24987
24323
23763
25125
23991
24477
25104
24717
24155
24351
24014
24902
24667
24167
23759
25375
24564
24159
24313
24895
23844
24663
24993
24259
24309
24228
24555
25163
24651
23762
24543
24917
24534
23737
25006
24093
24326
24891
24634
24027
24271
23815
24792
24863
24326
23711
25223
24967
23981
24334
24867
23931
24667
24957
24235
24435
24058
24284
25204
24696
23687
24328
24958
24565
23963
24838
24199
24063
24751
24729
24319
24339
23702
24857
24969
24431
23525
25047
24732
24351
24080
24853
23893
24647
24945
24461
24531
24015
23884
24952
24639
23899
24031
24917
24775
24265
24891
24270
24155
24791
24731
24555
24675
23871
24812
25151
24144
23870
24798
24453
24343
24073
24827
23934
24593
24815
24663
24850
24082
23813
25060
24887
23951
24075
24813
24777
24233
24639
24031
24032
24670
24763
24389
24753
23495
24371
25061
24311
23815
24555
24569
24749
24495
24821
24073
24636
24754
24610
24782
24146
23686
24959
24919
23861
23927
24825
24615
24455
24249
24342
24277
24359
24857
24653
24808
23934
24234
25187
24720
23693
24511
24466
24655
24351
24629
24255
24438
24559
24766
24745
24277
23707
24615
25101
24215
24183
24810
24516
24537
24377
24487
24411
24408
24706
24874
25019
23830
24071
25095
24729
23931
24649
24343
24635
24439
24677
24138
24411
24345
24698
24777
24488
23631
24495
25223
24137
24281
24600
24646
24661
24447
24446
24255
24249
24382
24539
24799
23893
23934
24703
24680
23843
24387
24468
24791
24745
24750
24370
24493
24329
24638
24863
24535
23464
24472
25111
24332
24123
24291
24285
24703
24331
24355
24373
24376
24243
24809
25095
23949
23878
24782
24981
24439
24509
24463
24941
24769
24480
24447
24669
24114
24616
24989
24731
23523
24394
24891
24431
24271
24416
24407
24623
24507
24454
24486
24456
24296
24633
25095
24183
23883
24456
24909
24236
24564
24231
24703
24806
24329
24172
24428
24002
24431
24890
24999
23877
23851
24803
24435
24420
24260
24055
24787
24639
24360
24479
24379
24027
24602
24938
24319
23879
24325
24727
24303
24477
24123
24465
24607
24335
24063
24541
24239
24468
24525
25050
24039
23986
24551
24807
24461
24411
24143
24618
24589
24223
24502
24499
24107
24551
24973
24675
23991
24299
25011
24549
24491
24235
24501
24626
24654
24333
24831
24031
24338
24757
24973
24183
24031
24447
24791
24443
24663
24359
24693
24691
24179
24495
24542
24093
24595
24927
24935
24343
23993
24654
24659
24509
24307
24298
24495
24487
24173
24794
24038
24099
24428
24919
24429
24029
24246
24983
24414
24640
24046
24533
24759
24157
24657
24533
23843
24367
24746
24981
24334
23967
24207
24677
24395
24485
24255
24538
24647
24351
24650
24271
24238
24654
24919
24476
24227
24108
24809
24587
24869
24191
24618
24508
24313
24895
24715
24157
24246
24714
24766
24557
24090
24218
24595
24742
24392
24374
24607
24837
24253
24799
24203
24135
24371
24844
24872
24297
23982
24596
24660
24640
24233
24426
24462
24351
24454
24858
24198
24189
24719
24751
24549
23955
24215
24603
24601
24456
24355
24594
24421
24271
24763
24377
24135
24251
24838
24795
24463
23881
24279
24609
24587
24053
24147
24142
24327
24303
24615
24162
24017
24439
24692
24842
24358
24221
24879
24863
24566
24336
24669
24471
24262
24812
24472
23871
24290
24657
24743
24290
24079
24314
24798
24702
24365
24253
24488
24598
24393
24905
24491
24223
24447
24747
24680
24275
24087
24487
24646
24697
24429
24397
24467
24015
24402
24622
24300
24383
24468
24553
24523
23967
24362
24510
24539
24448
24351
24587
24595
24258
24731
24468
23847
24026
24447
24807
24428
24047
24368
24595
24475
24697
24325
24311
24447
24650
24971
24310
24151
24478
24471
24975
23855
24063
24601
24668
24471
24264
24379
24638
24255
24943
24440
24225
24262
24657
24923
24735
24138
24301
24459
24883
24296
24319
24367
24397
24461
24703
24543
24175
24415
24411
24791
24308
24155
24381
24605
24478
24459
24533
24479
24383
24677
24623
24274
24166
24623
24822
24684
23966
24083
24488
24259
24270
24034
24229
24346
24387
24566
24800
24326
24633
24415
24973
24598
24059
24238
24806
24543
24593
24286
24223
24380
24415
24522
24502
24033
24443
24694
24703
24315
24220
24701
24522
24466
24255
24525
24316
24639
24985
24844
24355
24489
24418
24803
24695
24373
24203
24735
24378
24436
24447
24235
24219
24471
24569
24319
24133
24526
24695
25020
24220
24407
24415
24769
24600
24497
24530
24455
24241
24675
24764
24225
24329
24207
24719
24658
24159
24077
24717
24643
24677
24285
24428
24230
24435
24683
24794
24333
24456
24561
24717
24519
24225
24416
24679
24472
24338
24423
24462
24287
24411
24553
24007
24295
24063
24712
24876
24395
24094
24758
24416
24518
24327
24639
24375
24389
24775
24847
24058
24247
24143
24750
24602
24172
24151
24511
24510
24891
24486
24548
24555
24605
24847
24583
24151
24063
24541
24999
24239
24111
24446
24191
24678
24297
24665
24206
24300
24524
24891
24295
24399
24262
24997
24991
24319
24203
24693
24287
24715
24369
24345
24231
24445
24863
24315
24270
24073
24427
24797
24470
24102
24395
24417
24618
24617
24583
24325
24319
24425
24897
24401
24231
24221
24792
24853
24235
23919
24714
24273
24533
24075
24362
24330
24184
24658
24751
24405
24351
24410
24890
24743
24323
24296
24407
24600
24745
24590
24199
24361
24335
24594
24358
24219
24092
24542
24907
24421
24203
24773
24495
24807
24314
24559
24391
24339
24511
24790
24495
24172
24333
24755
24861
24354
24214
24401
24407
24654
24440
24286
24415
24261
24590
24319
24479
24216
24586
24686
24551
24183
24351
24375
24543
24515
24382
24397
24561
24562
24810
24343
24121
24031
24649
24702
24354
24063
24774
24467
24589
24479
24453
24417
24317
24706
24598
24351
24002
24243
24599
24636
24277
24424
24235
24455
24831
24723
24343
24364
24447
24722
24701
24255
24152
24362
24874
24453
24078
24286
24442
24793
24679
24504
24531
24307
24765
24866
24767
24331
24317
24661
24921
24163
24239
24375
24247
24598
24541
24262
24495
24542
24811
24737
24597
24261
24477
24954
24663
24012
24221
24207
24382
24519
24318
24511
24314
24439
24733
24635
24208
24265
24434
24772
24480
24432
24265
24445
24651
24293
24351
24563
24319
24711
24767
24511
24151
24441
24839
24547
24357
24139
24330
24406
24773
24391
24335
24279
24459
24738
24831
24245
24164
24468
24718
24503
24646
24428
24245
24908
24585
24430
24724
24175
24302
24831
24377
24053
24215
24794
24691
24446
24359
24553
24683
24756
24374
24511
24353
24127
24519
24727
24347
24231
24369
24630
24734
24652
24298
24407
24639
24527
24261
24358
24265
24303
24893
24600
24417
24171
24401
24655
24741
24218
24502
24460
24606
24423
24612
24463
24259
24587
24753
24171
24170
24063
24767
24535
24446
24089
24159
24555
24698
24431
24567
24338
24482
24609
24667
24337
24176
24477
24704
24613
24468
24511
24247
24517
24239
24587
24360
24205
24447
24783
24502
24135
24047
24608
24675
24595
24127
24540
24405
24547
24326
24659
24303
24634
24491
24926
24365
24314
24359
24616
24508
24479
24326
24339
24718
24400
24593
24155
24243
24393
24909
24511
24623
24319
24493
24590
24777
24314
24375
24373
24415
24419
24682
24383
24454
24487
24740
24359
24327
24152
24642
24552
24431
24091
24361
24335
24447
24627
24434
24327
24277
24622
24519
24317
24278
24390
24623
24779
24286
24351
24283
24511
24195
24847
24535
24214
24407
24596
24293
24365
24163
24479
24683
24511
24070
24382
24455
24393
24427
24426
24265
24265
24649
24552
24427
24270
23945
24724
24711
24549
24475
24439
24552
24346
24511
24427
24191
24063
24870
24467
24589
24124
24349
24613
24799
24261
24331
24447
24746
24626
24507
24390
24226
24552
24720
24470
24420
24235
24279
24837
24353
24487
24501
24388
24351
24778
24479
24219
24179
24653
24586
24771
24111
24231
24697
24762
24313
24462
24329
24315
24377
24678
24299
24318
24375
24508
24494
24498
23963
24378
24650
24562
24190
24407
24430
24360
24558
24647
24437
23976
24869
24494
24399
24351
24045
24589
24758
24111
24339
24255
24315
24447
24695
24407
24351
24607
24644
24717
24487
24099
24327
24745
24503
24309
24266
24439
24447
24586
24287
24411
24311
24564
24542
24927
24339
24262
24474
24724
24420
24252
24227
24501
24418
24729
24336
24401
24305
24559
24876
24679
24212
24378
24566
24563
24336
24159
24395
24383
24468
24335
24609
24253
24311
24371
24835
24611
24362
24446
24902
24523
24611
24335
24625
24183
24701
24442
24195
24389
24432
24606
24751
24095
24116
24791
24750
24706
24215
24419
24394
24535
24463
24337
24443
24591
24355
24751
24559
24165
24186
24878
24503
24475
24486
24310
24435
24558
24551
24487
24398
24529
24695
24764
24447
24047
24535
24673
24609
24287
24636
24643
24622
24455
24431
24315
24490
24265
24627
24763
24223
24262
24744
24520
24460
24316
24363
24503
24503
24359
24421
24208
24279
24267
24623
24375
23950
24369
24483
24359
24335
24269
24282
24555
24591
24655
24364
24459
24232
24909
24629
24225
24092
24660
24457
24589
24687
24372
24242
24419
24360
24629
24711
24359
24367
24760
24519
24153
24270
24471
24447
24471
24319
24372
24651
24387
24610
24623
24776
24279
24669
24819
24548
24095
24601
24466
24649
24334
24299
24522
24485
24442
24810
24503
23835
24239
24733
24639
24174
24213
24681
24669
24437
24350
24310
24737
24279
24275
24499
24447
24141
24781
24873
24456
24109
24502
24631
24913
24404
24414
24274
24719
24221
24758
24374
24159
24250
24624
24605
24362
24118
24687
24713
24614
24332
24199
24667
24426
24532
24614
24297
24097
24317
24891
24839
24141
24454
24621
24807
24381
24238
24369
24583
24379
24506
24746
24441
24183
24755
24407
24429
24086
24279
24447
24895
24507
24333
24457
24594
24233
24727
24503
24191
24395
24718
24755
24236
24268
24368
24670
24559
24379
24189
24749
24407
24513
24666
24342
24207
24391
24813
24441
23963
24217
24604
24751
24520
24311
24566
24563
24434
24682
24518
24171
24345
24557
24630
24305
24161
24531
24635
24810
24361
24063
24764
24541
24402
24714
24478
24055
24484
24599
24733
24251
24319
24187
24549
24535
24363
24449
24742
24271
24631
24733
24204
24213
24537
24631
24293
24085
24154
24657
24611
24403
24057
24837
24327
24347
24431
24443
24155
24658
24658
24690
24287
24381
24213
24558
24599
24304
24287
24551
24231
24438
24674
24111
24478
24440
24739
24659
24369
24215
24605
24874
24495
24206
24529
24382
24300
24651
24446
24063
24233
24377
24814
24402
24187
24468
24749
24567
24175
24319
24444
24204
24460
24782
24455
24331
24334
24607
24995
24642
24133
24619
24692
24615
24087
24543
24308
24277
24626
24466
24079
24330
24164
24681
24583
24189
24046
24490
24753
24492
24363
24586
24495
24383
24838
24383
24326
24350
24287
24703
24440
23855
24490
24735
24750
24108
24555
24385
24354
24590
24665
24268
24319
24215
24679
24799
24385
24080
24823
24853
24493
24367
24717
24392
24414
24703
24431
24315
24223
24117
24542
24691
23935
24398
24692
24655
24399
24407
24645
24283
24605
24789
24374
24547
24298
24603
24959
24195
23931
24623
24499
24494
24702
24345
24349
24557
24677
24696
24535
24337
24342
24831
24662
24090
24387
24519
24804
24243
24643
24403
