SWV ITM Data Console - ITM Port: 0
21987
33127
19711
27727
23238
19161
39952
13517
18221
38218
21142
18228
27504
30309
24969
14282
30330
25647
22965
27915
15555
30483
30538
8775
28705
32739
16316
22500
28106
30020
18093
19867
31958
23403
26871
23732
17863
39979
17039
15227
37365
22558
17542
27730
27507
27565
15485
24699
27985
22737
25381
16679
27852
34190
9405
25483
35497
16815
23083
28081
28009
23724
18063
28284
26519
25723
23134
17262
37823
20222
12544
35571
24601
16270
28149
25164
29693
19199
19993
29467
24937
24255
19359
25837
37021
11316
22335
37411
16693
22263
27530
25736
27478
17815
24629
29789
24957
22681
18821
34929
24111
12069
32607
28262
15990
28030
23658
29371
23464
15951
28711
28127
23188
20775
24232
37133
13594
18890
37253
18327
20829
27920
23263
31016
17866
18824
32643
25869
20171
19921
32754
27164
11297
29846
31199
15125
28765
23131
28629
27701
12844
25979
32315
21573
21801
23295
37386
15788
15871
37609
20351
19594
29220
20631
33661
20111
12916
35333
27691
17919
21502
30936
29095
12565
26441
33876
15407
27133
22775
26559
31239
12645
21843
35368
21068
21222
23169
34190
19981
15231
34347
25087
18003
29035
19367
33181
25204
10071
33053
29996
17055
22573
27925
30381
16119
22679
34847
17919
25245
23189
24458
34071
15336
17579
37279
22023
19515
24139
29967
23671
15466
29356
29479
18787
27741
19519
31615
28537
9895
29567
32131
17135
23523
26807
30198
20065
19871
33365
21282
23117
23499
22764
36621
17919
13787
37589
23287
18132
25535
26806
25869
18071
23719
30511
19834
25624
20263
29802
31095
11829
25386
34236
17741
23079
26191
27989
23607
17879
29431
24957
21807
23103
22199
35187
21957
11503
36870
25645
17596
26763
25471
27887
20906
19647
33252
22143
22767
20795
28631
33127
12261
21262
37422
18237
21911
27429
26314
26333
17805
25661
29171
21631
22095
22049
35059
24413
9964
34361
27799
17374
27359
24861
27647
24361
15885
32549
25222
21487
20808
27170
32757
15120
17655
37686
19711
21131
27277
24001
28595
18901
20993
31848
22461
21627
22555
33114
27358
10082
30795
29741
17151
26983
24031
26791
28167
14032
30543
28987
19618
20333
26650
32541
18584
14751
37348
21214
19695
27701
22803
30083
21311
16851
34876
23559
19331
22654
32142
29247
10532
27505
33373
16624
25147
24338
25435
31399
11999
27263
33541
17951
19352
27479
32370
21775
12823
36956
22967
19023
26767
21691
30284
23126
12716
37275
26174
16449
22687
31886
29911
12271
22631
35819
17333
24187
25015
24281
34306
10193
23359
38439
16943
17575
28191
31917
24601
10988
34540
26409
18501
26375
21653
32649
26125
9714
36177
29306
14975
23589
29951
29487
17765
18189
35873
20475
22388
24666
23727
34493
14099
18708
39287
19375
16693
28123
29291
27530
13501
28458
30024
19854
23633
22655
30663
29390
8918
33134
31851
15442
22903
28088
28311
22446
15516
34597
24691
21015
24137
23683
33807
17735
15335
38874
22489
15896
28196
26989
28365
16935
23109
31301
22391
21547
22911
28696
31037
9307
29056
34387
15776
21772
27690
26771
26198
13203
32241
28369
20750
22305
24242
33502
20477
11547
39979
24775
14997
28540
25917
29495
19705
18087
33023
24215
18827
23211
28863
32926
10225
26225
36733
16747
20389
27843
25230
29545
13033
27848
31181
20151
20925
24839
32299
24170
10577
37231
27767
14351
27133
25334
29163
23150
13934
33611
27182
16807
23662
28170
32969
11693
21759
38389
18347
18194
28076
24841
33003
14071
23861
34591
20575
17251
26022
31990
26493
9363
35022
30575
15151
26207
25003
28467
27013
10567
32974
30615
15131
22938
28889
31889
15415
17285
37844
21571
17279
28820
23577
34223
16259
18475
37037
23471
15780
27179
29959
28551
10212
29921
32432
16875
23295
25366
27461
30711
8093
29885
34832
16167
21787
29132
30509
19428
14991
36254
25302
16798
27035
22741
33489
18723
14514
37290
25714
13481
27335
28412
29831
13220
25255
34025
19743
20281
25232
26299
33219
9313
26431
36818
17515
19493
28611
29024
23399
13492
33207
28521
17102
25005
22830
33014
22504
11773
35631
28478
12487
27417
27875
30021
16874
20643
33916
23215
18158
25347
25498
34020
11759
22167
38158
19151
16512
29063
27701
26783
13451
29362
32007
18315
22410
23257
31711
26387
10393
33647
31697
12732
26135
27546
30399
21257
17021
33740
27610
16249
24863
24741
34465
14841
18427
37691
22067
13763
29450
26331
29083
14663
25167
33427
21001
18951
23900
30679
29100
8840
31006
34393
13359
24420
27654
28903
25071
14249
29785
30879
15913
23962
25292
34227
17676
15403
36899
25739
12722
29414
25547
30231
17267
20070
35013
24835
16853
24594
29302
30525
11512
26542
36459
15838
21751
27479
27357
28012
12508
26826
34998
16726
21689
25394
33411
20579
12735
35226
29109
11687
27935
24335
31433
19882
15911
34955
29053
12677
25349
28654
32330
11947
23018
37475
18406
17947
27850
26431
31300
11115
24200
38321
17717
18175
26671
31967
23753
11647
33905
32669
11583
26255
24939
31951
23586
12594
33679
31667
11677
24515
27281
31967
15165
20182
37039
22847
15645
26923
25819
33279
13738
19257
38891
21582
15263
27304
30135
26601
12306
28841
35418
14471
23351
24612
31844
26895
11050
29630
35539
12272
23224
26941
31547
19806
17502
33983
27311
14527
26389
25087
33310
17357
15531
38094
25500
13613
27498
28306
27890
14703
24475
35693
17934
20299
25021
30941
29258
11338
26413
37598
14535
21594
27423
30452
22991
15833
30384
30621
14351
24534
24430
33479
19829
13097
36308
29209
11711
27275
27583
28829
17342
20983
35374
22877
17145
24362
29782
30559
12638
22063
38042
17587
19789
27571
29287
25317
15066
26870
34489
15461
22309
24126
33579
22527
10872
34404
32783
11051
26447
27249
29563
20101
17851
35095
28026
13804
23850
29461
32219
13551
18817
38993
20650
17019
27259
27992
28070
14943
23261
37658
17103
19617
24658
33614
25691
11022
30337
36245
11692
24292
26211
29028
23049
16145
32974
31729
13093
22015
28513
32324
17427
15848
38052
24741
15269
27124
27359
29470
16964
19474
39092
21741
16047
24555
33278
27515
11372
26145
38253
13934
21590
26107
28799
26111
14187
28834
36236
12338
20327
27810
32791
20923
14287
35819
28287
14545
26033
26786
30278
19112
15414
37551
25880
14399
24447
32215
28203
14250
20650
38460
17255
18971
25908
29662
28843
14202
24885
38906
13949
18815
28209
33726
23342
12979
31131
31759
14538
24359
26075
30877
21119
12874
37155
30654
11311
23550
32315
29359
16255
16762
39245
22181
16651
25169
29148
29571
13872
20065
40135
17911
16741
25727
32686
26125
13765
26977
34806
16677
22299
25326
29897
24361
12335
32812
34782
12212
21474
28814
29238
20221
14323
36307
27078
16086
24066
28080
29898
17596
17317
39554
21701
15023
25639
32495
27678
15774
21935
36805
19321
19478
25228
29916
26312
11685
29503
38076
12763
19811
27761
29368
23604
12785
33527
30919
15527
22183
28447
30323
19150
14070
39820
26623
12005
24655
31651
29450
18431
16563
37002
22527
17085
24022
30961
28339
12075
25451
39970
15455
17711
26439
30023
26917
13759
29125
34501
16531
19900
27762
30238
22607
13524
35364
30719
12340
22667
30019
29020
22077
13507
34758
26061
17048
23975
30469
29384
14707
20973
39510
19919
16135
25292
29851
28955
15809
23268
35834
19734
17877
27175
29243
24469
13063
31143
33686
15213
21471
28055
28880
24893
12239
31999
30163
16851
22066
30829
28847
17346
17502
37468
24493
14807
24559
29725
29958
17876
18202
35797
22560
15658
26518
29887
26607
13214
27976
36319
16836
19901
26486
29225
27419
10941
29518
33244
17595
20005
30691
29380
19883
14927
36783
28465
14527
22079
29071
30803
21078
15262
37539
24468
14251
26676
29661
27431
14597
23707
37652
20895
16189
24564
28565
28955
12217
25951
35998
19447
17325
29912
28387
22791
13735
32950
32715
15732
20833
27344
30675
23721
12318
34989
28140
13347
24163
30429
28635
16543
19531
35858
25087
14422
22991
29039
30917
16157
21585
36963
22087
15987
29051
28850
25611
13342
29990
35282
17743
18111
26225
30431
27193
11330
31230
31023
14723
22143
31013
27786
20397
16978
33462
29183
14687
21887
29053
31999
18919
18843
36454
24537
13725
27503
28155
27908
13359
25044
35408
21979
16196
24431
30353
29407
12255
27298
32893
17481
20581
30685
27797
24309
14360
30681
33278
15615
21020
27939
31107
21627
14591
33968
27772
14027
24930
28495
28703
15506
21114
35207
27214
14491
23673
28871
30519
14431
23508
34223
21271
18803
30271
27466
26219
13079
26797
35921
18864
18965
26515
31194
24484
14095
30858
30829
15094
23283
27751
28964
19729
17929
32349
29993
14038
22054
28563
31570
17164
20263
34761
24471
16876
28469
26487
27746
13778
23562
35871
23339
16951
25815
30096
26799
14275
27497
32214
17071
20637
28117
28466
22279
16282
31025
33687
14023
21207
27535
30939
21059
18919
33174
27237
15404
25723
26898
29714
16623
20235
35789
26447
15083
23567
28531
27839
16286
23815
33109
20109
18884
27901
29242
25637
14854
26853
35199
16850
19255
26699
31711
24030
17068
30207
29285
15863
23793
26559
29501
18727
17548
33650
30202
14534
21993
27546
29174
18795
21077
33337
23095
17499
26903
29367
27181
14383
23695
36025
20446
18830
25390
31227
26013
17525
26083
30517
17093
22315
27590
30005
21671
16298
31420
34421
14759
22391
27327
29375
22015
19336
31333
26863
17370
24627
28814
28696
15780
21133
35607
24694
17845
24014
29711
27051
17777
23227
31981
19147
21209
26700
29692
23807
14915
27743
35781
16223
21362
25429
28707
23855
18931
29283
29818
17243
22636
28541
28960
16807
19125
33413
27891
17481
22821
28078
27807
20095
20908
33183
21944
19887
25922
29119
26163
15431
24556
36771
19452
19379
24063
28319
25938
19065
27183
32037
18207
20528
27865
28889
18741
16854
31112
31935
16851
21459
26613
28031
22279
19237
32075
26439
18623
25111
29388
27343
16681
20939
34807
23863
18805
23295
28115
27595
19852
23639
32127
19071
19908
27290
29961
23238
16184
28107
33293
17990
21263
25123
28250
24699
17793
30700
28197
18747
23133
29336
28421
18655
18597
33438
26045
19007
22350
27912
27883
20687
20323
32639
21225
18400
26607
30345
25327
15519
25226
33607
20754
20955
24063
27519
25638
17847
28379
29989
18247
22414
29297
28043
20777
17734
30673
29807
19167
21862
26729
27855
22271
18351
31343
24852
18414
24853
30195
27119
17107
22522
33367
23239
20757
22377
26879
27048
18100
25516
31708
19601
20340
28177
27229
22445
15781
27800
32135
20733
21141
26210
27431
24987
17367
29943
26461
17887
23489
30022
27797
18950
19956
31173
28635
20573
21632
26747
28087
20231
22940
32929
21187
19024
26900
26909
25292
16831
25468
32709
21599
20670
24548
26719
26451
17504
29202
29068
19000
21611
29687
27135
20989
17476
29819
29466
20702
20718
26570
28793
21967
21677
31767
22981
19104
24877
26964
27329
17620
22603
32822
23679
20221
23925
26571
26990
18417
26961
30829
20395
20784
29117
26810
23286
16404
26262
31091
21083
20668
25811
27690
23238
19473
29727
25783
19351
23967
27133
28694
19727
20193
30463
26566
19884
22938
26491
27818
20047
24143
30942
21842
20419
28581
27307
25695
16358
24633
32337
22065
19151
24951
26917
24217
18607
28575
26985
18903
22561
28863
29663
22591
18479
28041
28351
19997
21848
25994
27975
21382
22035
30503
23615
19343
26197
26487
27576
17407
22258
32023
24613
20607
24255
26477
24808
18647
27417
29190
20781
22434
27607
28431
24498
17039
26408
31582
20915
21951
25109
26411
22309
21539
30179
25422
19390
24464
26456
28597
18696
20587
31201
27773
21674
22830
25091
26161
20056
25646
29168
21919
20961
26379
27999
25989
17056
24656
31845
21510
21818
25387
26530
23382
20863
27987
27013
19326
22520
26884
28751
20941
20503
29382
28905
20549
22687
24866
26583
20930
24163
29823
22858
19746
25547
26950
27962
16815
22175
32326
22603
21629
25662
25737
25675
21588
26752
28543
19727
21229
27105
28874
23078
18521
27374
29947
20865
22518
24479
26341
22673
24094
28951
24875
20291
24143
26683
29375
17912
21133
30974
24051
21970
24455
24879
25647
21173
24949
29375
21568
20815
26801
29126
25167
18326
25008
30511
21288
23039
24114
26515
23003
21724
27934
26421
20014
23222
26130
29740
19482
19595
28772
26581
22205
24915
24251
25409
21373
23105
29013
23271
20223
26648
28663
26016
18895
23516
31307
22919
23213
24635
25071
24455
21867
26660
27868
20759
22027
25673
29211
21470
19628
27715
28012
22814
23907
23403
25596
22953
22085
29257
24905
20057
25103
27253
27302
19273
23075
30453
24180
23745
23495
24502
25727
21512
25129
29403
20809
19814
25887
28900
23359
19335
25615
28923
22799
24623
23893
25707
22877
21158
28848
26000
20341
23638
26779
27807
20159
20795
28120
24103
23455
23905
24531
26597
21544
23858
28925
21544
20247
25543
28214
25397
19428
23371
29439
23403
23867
23935
25535
25010
21579
27791
27451
19863
22812
26571
27898
21284
19995
26954
25479
23943
24399
24060
26362
23145
22690
30216
22714
20077
25669
28559
27157
19469
22223
30288
24341
24178
23825
24116
25031
21774
26382
29581
20830
21891
26351
27364
23204
19216
25339
27247
24703
24031
23387
25945
23231
22244
29458
24463
20411
24615
26821
27701
20659
20216
29258
24520
23787
23573
23762
25293
21935
24846
30102
21489
21077
26145
27477
24815
20270
23933
28140
24233
23326
23453
25231
22787
20978
28221
25327
20914
23799
26549
28302
22734
20831
27833
25855
24505
23422
24286
26081
22745
23605
30223
22319
20255
24996
26715
25939
21739
22027
28399
24746
23251
23483
25463
23870
21212
27477
27511
21039
23667
25911
28140
24200
20124
25641
27078
24135
23806
23847
25525
22442
22655
30351
22781
19752
24532
25631
27554
22496
20381
28759
25328
23893
24518
25579
24787
21535
25643
27822
21846
22279
24975
27026
24855
19990
24043
27555
24139
24118
24990
25431
23192
22667
29143
23932
20492
23846
25513
27657
23263
19579
27047
25184
23896
25051
24919
24511
21422
24917
29029
22746
22307
25337
26335
26276
20286
21959
28374
24399
24165
25028
24294
24468
22738
28928
25693
21675
23686
25579
27663
24523
19735
26015
25043
23881
24651
24383
24279
21763
23421
28767
23827
21455
24588
25647
27985
21363
21201
28728
24613
24405
25255
24231
23901
22472
26642
27341
22891
22260
24988
27638
25846
19983
24548
25965
23139
24397
24122
25151
23418
23147
29447
24839
21779
24705
24871
29167
22349
20269
28249
25181
22798
25388
24063
24350
22354
25701
27482
23749
22128
24551
27419
27211
20907
23937
26792
24473
24593
24238
23951
23783
21375
27744
24899
22191
23133
23878
29371
24041
19333
27479
25231
23615
26615
23791
24599
23332
23797
27243
24491
21863
23695
26270
27255
21124
21769
27243
24504
25048
25590
24227
23977
22669
26838
26407
22403
22632
23715
28149
24933
19998
26093
25417
23305
26055
24022
24271
24164
23741
27511
25767
20423
23712
25381
27773
22087
21258
26415
25143
25135
25627
23787
25191
22205
25772
27547
23935
21719
23860
27327
25466
19959
24772
24918
23651
25567
24046
24058
24524
22182
27731
26690
22683
23597
24459
28259
23205
19903
26831
25135
23880
26079
23404
24943
23103
24411
28103
24929
21128
24239
26159
27511
21843
22901
25683
23956
25726
24646
23675
26231
22229
26636
26649
22903
23548
23482
27893
25310
20582
25295
25355
23919
26714
22803
24325
23279
22797
27956
26235
20835
24075
25756
27925
23249
22236
25159
23988
25327
25092
23068
25419
22751
23735
27918
22725
22640
24253
27348
25940
21426
24505
25734
23830
26204
22437
24818
23451
21477
27574
27363
21149
23764
24479
27975
24653
21381
25855
24559
24758
25577
22863
25493
22895
23189
27878
24287
21935
23729
25353
26873
22927
23194
25621
24925
26874
23593
24031
23806
21255
26263
28479
21662
23487
23103
26773
25074
21391
24649
25431
24179
26195
22527
25500
23535
22383
28018
25580
21327
23983
24508
26494
23526
21415
25355
24639
25804
24119
24280
24211
22148
25002
28451
22586
23003
23102
26049
26519
22769
23226
25570
23759
26821
23695
24277
24259
21556
27151
26486
21525
23495
23780
27325
25872
20874
24667
25071
24739
24955
24110
25611
23343
24045
28762
23805
23378
22579
24785
26643
23500
21663
25652
23751
26666
23308
24254
24200
22559
26300
28543
22778
24627
23350
26333
26447
21047
24044
25763
24254
25590
23935
24901
23438
22742
27642
24691
22684
23495
24936
26471
25427
20955
24857
24031
25434
24447
24703
23663
22271
24602
27702
22995
24661
23278
26652
27263
21997
21823
26572
23920
25927
23953
25151
23781
21113
26751
25925
22019
23649
23526
26600
27007
19789
25087
24831
24562
24553
24335
24319
22807
23622
27546
24086
24059
22634
24847
27299
23667
22417
25738
23997
25429
23789
24102
24079
21713
26334
25882
22839
23933
22363
26089
28043
21285
24951
25109
25275
25315
24761
23713
24467
22233
27023
25711
23044
23032
23845
26782
25533
21480
25896
24125
25867
25067
24811
24483
22865
25234
27151
22695
23887
23931
25454
27827
21551
22973
25300
24831
25847
24703
23786
25170
21971
26775
25961
23129
22375
23107
26517
26269
21670
25354
24235
24682
25325
24568
24458
23483
23835
27141
24318
24191
22454
25317
28321
22486
21861
26041
22463
26191
24757
23605
24921
21635
25799
26437
23451
22663
22311
25566
27963
20768
24151
24219
23505
25215
24511
24063
24286
22727
27083
25015
24607
22566
24631
28263
24124
22015
25647
23823
26020
25287
23473
24807
22167
24989
27267
24671
23330
22759
25230
28153
21463
24703
25807
24399
25661
25119
22838
25251
21583
25849
25987
24495
22640
23319
26633
25555
21514
25668
24241
25161
25597
23358
25043
22969
23167
26920
25075
23893
22037
25183
28383
22533
23675
25179
24133
25515
25450
23622
25675
21111
25011
26910
24173
22238
22884
26673
26750
21887
25159
24567
24875
26639
23665
24951
23891
22284
26750
25505
23690
22623
24081
28063
23785
23365
25377
23548
25611
25267
22298
25612
21275
24030
26551
23590
23239
22519
25160
27725
21846
23928
25015
24309
25907
24016
24613
25511
21844
25783
26491
22951
22235
23591
26947
24350
22203
24605
23855
25599
25959
23489
26265
22755
23658
27655
25425
23101
22583
24638
27590
22968
23614
24241
23523
25964
24079
23610
26355
21963
24510
27642
23347
23053
23343
26583
25737
23055
24617
23723
24615
25855
23114
26065
23618
22440
27353
25940
22973
23203
23997
27143
23278
22625
24685
23649
25687
24553
23230
26917
22181
24092
28593
24921
23449
23364
25134
26690
23391
22677
24214
23930
26983
23591
24914
23705
21027
26111
27272
23231
23175
22620
26433
25481
22783
24439
24076
24707
24191
22383
26810
22023
22600
28021
23993
22952
23649
24333
26938
23535
22868
24738
24399
25523
23179
24014
25143
21427
24473
28175
23367
23935
22911
26320
26252
22628
23389
24611
24817
24927
23037
26345
22593
21588
27861
25547
22871
23535
23959
27623
25353
22789
25135
24143
25796
23985
24135
26234
21254
24210
28117
23643
24777
22456
24863
27468
23917
22655
24807
24642
25387
23775
26463
23439
22237
26308
26185
23215
23754
22799
27207
25637
23335
24659
25380
25779
23991
24470
26326
22487
22943
27507
23866
24047
22445
23659
27646
23704
22034
25944
24625
25394
23771
26051
24323
22259
24957
27183
22582
24428
22969
26216
26491
21882
23547
24598
25206
24555
24730
26143
22236
22885
27564
24812
24877
22271
22981
27547
24747
21079
25238
23702
25146
24095
25090
25223
22085
24548
27807
23919
24723
22127
25812
27519
22564
23570
25271
24086
24721
23475
25738
23031
22027
26552
25695
24743
23849
22027
27754
26057
21575
25479
24221
24634
24703
25123
25746
22843
22871
26859
24071
25142
22175
24436
28057
23291
22109
25384
23959
24789
23883
25215
24549
21855
25648
26111
24753
24258
21752
27153
27477
22202
24660
24085
24509
24545
24415
25326
23158
21734
26877
24649
24903
22249
23385
28932
25102
21471
26402
24239
24718
24670
25066
25006
22342
23830
26644
24902
24039
21447
26267
28077
22063
24765
25136
24063
25567
25018
24923
24108
21991
25663
25147
25083
22431
22455
27334
25023
21478
25593
23973
24436
24313
24989
25989
23290
23034
27022
24897
24253
21271
25264
28082
22284
23507
25901
23847
24727
25535
24870
24303
21500
24951
25799
25000
21934
22608
26623
26607
21348
25669
23798
24764
25531
24693
25964
23833
21913
26796
25467
24895
21630
24277
28437
24529
22187
25491
22856
24930
25591
24477
25929
22697
23196
27151
26293
23065
22855
26389
26911
21063
24695
24197
23840
24982
24096
25044
25215
20604
25879
26331
25026
21711
23599
26971
24783
21815
26046
23457
25151
25551
23216
26218
23110
22319
26891
26988
22975
22782
25219
27135
22564
24465
24369
23599
24819
24117
24935
26426
20893
24511
27012
25095
22030
22863
27373
25572
22019
25407
23295
24662
25405
23397
25817
24125
20931
26846
26525
24198
22537
23983
28267
24057
24179
24654
23470
25131
24063
24022
26715
21354
22841
26506
25021
22861
22926
26229
26847
22542
25289
23695
24310
25401
23211
26198
25399
20277
25837
26212
24243
22524
23067
26423
24773
23208
24266
24180
25040
24724
24255
27407
22092
22313
27465
25227
23370
23247
23582
27242
23366
24307
23947
23515
25261
24063
26279
26186
19899
25189
27695
23978
22825
23085
25823
25303
22715
24303
24083
25146
24683
24305
28575
23093
20671
27270
26375
23401
24303
23092
26495
23738
23645
24437
23997
25205
24137
25261
27051
19423
23479
27759
24798
23359
22938
24605
26883
22903
23691
23863
25561
24805
23651
27927
24735
20657
26547
26632
23496
24617
21618
25703
25547
22980
23455
24678
24231
23381
24207
27222
21303
23461
27587
25711
22685
23027
23799
27135
23723
23423
24076
23997
24079
23081
26613
25469
20892
25379
27417
23935
24023
22093
26166
26368
22517
23006
25127
23783
24339
23499
27335
22779
21727
26710
25601
24334
24010
22591
27973
24703
22655
24718
25195
23836
23774
26092
25471
20233
24125
26292
23897
24802
21894
25718
27307
22403
23752
25917
24491
24703
24477
26903
23368
21517
26198
25510
24063
23880
21800
27299
26359
21933
24293
25487
23519
24287
26131
26037
21405
23919
27685
24726
25070
22133
23303
28298
23563
22851
26119
24215
24116
24037
26677
24045
21514
24543
26413
25271
24892
20953
26868
26167
21942
24230
26081
23641
24567
25541
26711
22399
22282
25258
25503
25451
22027
22615
27183
23483
22007
26765
24559
24006
24015
26644
24335
21683
24207
26107
25723
25080
20811
25940
27503
22103
23829
25996
23279
24347
25190
26381
23915
21849
25675
26201
25271
22885
21843
27805
25817
21858
26327
24239
23225
24473
25719
25005
23319
23071
26415
25608
25195
21070
25535
27809
22251
24237
25849
22475
24301
24694
26261
25019
22711
24559
26271
25615
22902
21818
27256
25743
21631
26148
24027
22782
23911
24629
25574
24317
22235
25407
26185
24975
21247
24515
27147
22773
23029
26814
22759
24016
24673
24470
25258
22807
23478
26415
26565
23871
22037
26823
26540
22105
25305
24967
21862
23997
24389
25430
24732
21018
24703
26713
25270
21915
24708
27418
23710
23149
27199
23630
24736
25118
25095
25930
22706
21926
26131
26252
24407
21463
26083
26623
22466
25065
25275
22786
24818
24187
25463
25244
20542
23745
26937
25297
21845
23189
27127
24669
22870
26430
23919
24121
24124
24675
26379
23653
20895
26423
26175
23575
21247
25367
27726
23098
24529
25002
23439
25233
23303
25631
26919
21564
23495
27741
25283
22548
22583
25807
25803
22997
25435
23450
24267
24338
24626
26761
24591
21207
26139
26691
24333
21973
24624
26636
24165
24432
25497
23445
25019
23418
25423
28459
21439
22431
27273
24988
22695
22989
25187
25767
23271
25111
23917
24731
24349
24343
26875
25623
20829
25919
27054
24071
22930
23860
25335
25415
24212
25207
24063
25855
22918
25257
27858
22011
20663
27315
25614
23604
23491
25105
26266
24058
23973
23919
25875
23251
22847
26368
26196
19981
24785
27670
24517
22149
23467
25244
25526
23375
24597
24091
25035
23071
25038
27655
22843
21155
27338
25750
24879
24155
23543
25755
24283
23220
24763
24554
24191
23119
25842
26867
19585
24182
27048
23932
23278
23002
24031
26641
23071
24063
24899
25583
22873
24134
27091
24331
19923
26423
25429
24140
24511
23337
25826
25963
22828
25014
25165
24145
22706
26077
28015
21426
23015
26789
25549
24239
23147
23147
27594
24101
23811
25197
25610
22210
23981
27519
25421
20130
25835
25572
24528
24175
22527
24552
26089
21999
23598
25645
24157
22686
25717
27832
22076
21968
26429
25269
24319
23131
23227
27547
24106
22775
25131
24893
23082
24046
26243
25975
20878
25018
26438
24749
24441
22117
23894
26485
23059
24098
25273
24660
22954
25045
27241
23159
22605
25649
25087
25299
22569
22429
27116
24101
22175
25670
25552
22185
23964
26458
26327
21628
22832
25835
25851
25242
22111
23958
27496
22436
23407
26076
23661
22306
25127
26209
24483
21924
24654
24912
25286
23831
21906
26925
26111
21479
25480
25554
22926
23987
25791
26106
22399
22536
25457
26344
25255
22647
22955
27175
22289
23171
25368
24897
22759
25167
26227
25267
21893
24345
25385
26494
23933
21935
26771
26039
21445
24951
26569
22847
23994
25187
26218
23746
22957
24556
26890
25477
22353
22920
28310
23471
23033
27043
24935
23110
25906
24171
25929
22894
23472
25103
25825
23983
21899
25765
27239
21063
25055
25855
23409
24047
24619
26693
25532
22335
