SWV ITM Data Console - ITM Port: 0
17454
29726
26218
15321
30386
20287
27375
28677
19071
19309
33617
22867
20527
26698
22635
29736
34303
11963
26966
26631
18459
32730
19225
23464
30079
21605
21190
28783
20879
26758
25087
20106
27064
31045
17177
26869
23713
24358
31059
22303
15406
27718
24213
23482
26211
21860
22326
29678
18220
23774
26186
19992
25653
23333
22391
28951
26365
20613
25114
24923
27786
26567
21705
18238
32959
27807
27963
21723
18199
28780
26751
21855
21967
22855
28235
22859
23599
23011
24319
25203
18581
24465
28235
24629
20701
18123
29631
30603
26848
16299
19773
31086
32455
22165
14911
25748
29005
33168
24047
14019
32239
21697
27182
24678
20679
32687
18809
20237
30403
24905
27486
15721
21499
30038
32573
20713
14474
27894
28426
30367
21781
16681
25713
30711
20799
20780
25946
22839
29802
27091
12118
34661
18911
22409
28685
21415
30296
22975
15551
29244
27135
27650
19711
24124
23526
30612
22706
17978
28052
27619
25092
24953
18637
21931
30928
19937
24251
30763
18278
25030
30274
10026
37291
20271
21231
29401
23364
24771
26824
18366
26837
25319
26303
19530
26553
22007
27404
25356
22810
24814
27099
20079
26715
24436
20995
28148
25383
20815
30575
18401
25300
31561
13375
30391
24247
24937
26431
21445
18500
30103
24511
25591
17817
26134
18889
26742
28838
25623
24025
26374
15959
27135
25887
27291
28441
21383
25923
30647
19894
21533
24123
30369
33132
17235
19110
22615
26974
27239
21622
18138
26075
20293
24906
17551
29627
26145
19332
26837
24941
22390
28833
15910
28541
32860
27871
21547
20271
26144
31636
27335
16071
22706
28043
29858
21112
19831
25924
23988
26296
18882
20197
31533
17034
26111
22831
26601
30277
14805
23579
30934
25855
25297
19066
22831
31211
33314
17247
23944
27963
22925
30891
17299
24707
28844
30428
17172
24693
26050
18679
28775
20918
20914
37778
13107
21485
25512
23822
31556
22501
17814
27729
28613
18337
28744
22865
22451
36427
14535
22617
28463
16749
30392
22591
22787
26315
26107
14887
26719
28347
21221
27342
22774
16675
36814
19499
23008
26618
23625
26330
29969
17312
24356
29991
16619
31837
26145
17751
33304
16335
23075
30990
17683
27006
24599
22811
25855
28776
17382
24594
28947
23667
26710
25383
15765
33531
23319
25023
25115
25318
19987
32969
18134
23063
29079
15837
30079
28781
17919
31985
18099
21729
31159
21157
26247
22975
22703
24650
29201
19822
22235
24942
24239
26447
26345
17397
27953
24689
25401
22173
27815
16671
31155
21999
24447
29285
18167
25905
29178
20405
32251
19503
22801
28602
24030
27979
23043
22781
24489
28255
23647
21835
22679
24945
24319
26759
21415
23913
24315
25527
20796
30702
16415
28199
23471
24719
28695
22166
22036
27590
21119
33555
19355
24100
24521
24278
28546
23022
21382
24788
24413
26359
22637
20987
26229
22570
26086
26796
21118
24651
24727
17479
32847
18073
25729
24511
23877
28047
24818
19915
26429
21789
33001
21589
27371
20127
25206
27947
25148
21709
27183
21183
27018
23789
21913
27659
21692
25224
30277
18969
26411
22741
17585
34135
20184
26700
25135
21365
26549
26686
20692
24976
22908
29499
22625
30925
16919
27109
25630
24039
22765
27924
16175
27832
23208
23068
28062
21264
21169
30895
16191
28261
23373
18795
34897
20787
26945
26365
19833
24539
27435
22953
24063
25075
25263
22439
31557
16108
27373
24359
22251
24079
27984
14899
29460
24271
23132
27974
23257
18037
34592
14699
31292
26121
20265
32725
22095
25534
28102
20773
24271
28339
25703
23315
25909
23434
21480
32549
16279
25371
23911
21694
25890
28489
14847
27582
25878
20191
26093
24507
15254
34641
14360
29936
25818
22591
26279
24351
24103
28176
22668
26683
24727
29663
21291
25255
22707
22163
32455
18451
22051
23221
24502
24888
26186
17541
25343
29039
19559
23019
26078
18006
32292
18943
27049
25343
26995
20989
24989
27622
25855
24151
27235
20019
35389
18767
21343
22759
25494
29578
24255
17650
22740
29858
26397
24181
22008
21408
30035
22549
20571
27743
23501
25869
22673
24730
23045
28585
16217
23103
33722
22331
24435
23229
18283
35373
22745
18708
23185
27501
26873
28453
17554
21550
33014
26347
19893
26235
17463
27475
23911
20843
27935
29429
17129
25375
24872
25619
27285
17010
21105
35231
21204
26815
20698
20775
31307
25319
19094
24335
25119
27373
26967
22066
21446
29318
26809
20451
26465
22715
23046
25373
23269
24853
32158
13871
25958
25274
27574
24123
21018
17240
30897
18531
29629
16286
25352
23741
26502
19583
29522
18629
33031
21779
26983
24479
25066
29229
25132
22628
31069
18872
28070
22263
21035
31138
19089
24975
22433
26007
20031
24695
19990
26111
19902
31506
17272
29287
21380
27607
20564
33833
10367
40034
18872
26173
23885
25129
29183
28589
13689
31925
18938
32645
18312
20557
26244
25611
24602
21819
23121
21079
24974
21638
26687
24827
28745
22129
22975
25718
27734
17453
31558
12591
40815
22519
20495
20037
26765
26687
29219
13412
26908
22172
33911
16473
24907
22548
25867
23436
25435
21487
25279
21423
22058
29951
26939
24831
24638
17671
30700
29198
17746
30278
17074
35238
25703
19559
18459
28874
24721
29707
18613
23999
22323
32215
16555
28130
21947
25668
22469
28957
20496
27345
20127
21930
30403
27234
20907
26532
15405
29531
28208
20066
26847
20572
26635
26569
21858
19335
27705
23469
27232
22205
24207
23349
27723
20922
27114
21679
27461
22605
30765
22053
23797
22259
24353
23767
25919
21679
25171
23263
22415
25460
25439
23055
23250
23177
24600
26561
23073
24776
26287
27839
20467
24744
24605
23276
31182
20335
20121
29527
26993
26523
25337
15991
25607
31775
18002
24511
27767
19646
35164
16350
24123
28701
20614
23167
26445
25472
26786
19788
22543
25967
31079
15501
23419
24471
22101
32841
17982
18583
27135
30885
20792
30726
12659
24839
34693
18741
22851
34732
13695
37426
15997
29134
24887
23507
19151
27555
27606
26594
14847
26180
20607
31218
17652
23807
21535
26065
26060
24167
21301
22994
32606
21159
31197
20127
21244
31871
21170
23006
36209
16509
32955
16019
31515
19899
26853
19342
24131
26594
26833
12883
32932
16675
27871
23311
26256
18575
30450
16639
29523
25125
21678
30284
23430
27294
22469
20431
30535
21695
21850
31787
20092
31534
17532
27163
16974
30600
21307
23871
22691
27517
14847
37236
19255
23805
23996
26131
18987
31589
15143
29531
24439
23877
26689
27242
22595
21005
21741
33885
21722
23343
25308
21691
31475
22191
22015
22079
27092
24752
26943
21670
26069
18361
32395
23059
22245
24114
24793
21158
31663
19779
27704
20439
24303
24919
29335
23949
17602
21862
34987
20750
24863
23257
18899
32253
25991
17683
27583
21951
24703
31291
22667
25441
19464
27391
25808
23964
24730
21398
25007
27191
23762
26107
18435
22955
23252
30029
27436
15597
22595
32947
22254
24692
25705
16478
34253
27363
17805
32241
20319
22497
31131
24559
25059
19475
24775
25646
26309
27205
18633
27127
22792
24469
25210
22030
21308
25962
28783
27881
17724
23226
27647
25991
21019
29731
14872
34317
25507
19675
30831
20525
19606
29431
26091
25447
16499
28159
21049
28111
27922
15758
28863
22923
22540
25498
28348
17739
30219
27887
23876
21661
22783
21827
31811
16673
32038
14151
34021
19789
24299
24919
22911
20803
27517
28277
28303
13519
35537
17340
30599
28751
15031
30942
26508
19179
26099
31939
13945
30770
27997
19302
25034
21415
17389
36462
15546
29013
17149
34727
14911
31733
19199
23797
23039
27559
27414
30811
9446
36624
18023
31399
24471
19839
26040
28045
18246
26447
30451
16524
27385
27966
19605
27089
19645
19258
34186
21350
24815
17951
30994
14847
33155
20415
24142
23761
27775
24332
31732
10943
36047
17788
33933
20599
24796
22779
29011
17194
29899
26615
18150
23187
27395
21110
29797
17861
20315
30142
25166
23449
19711
29957
17383
33144
23771
23871
24809
26588
24235
31799
14593
33076
16103
33925
17806
28069
19656
27612
14327
32914
23876
20454
19518
27447
21132
33059
13879
24040
25477
27607
21745
22692
29507
19132
31275
26190
23461
26781
23327
23149
31483
19039
30237
15167
32959
15863
32255
19967
27065
14201
33854
21655
24175
16847
26614
20810
37356
11043
29317
20052
29179
20003
25559
29100
20478
24981
27631
21951
31035
22234
22133
30078
23827
25725
18197
30341
15554
33789
21046
26205
14801
30388
21648
27174
19519
25379
19753
36497
8692
32819
18133
29439
20231
26064
27694
24989
20366
28804
19830
31689
24763
21356
26050
27645
18915
26735
27767
15318
33152
21143
26228
20214
25225
23167
27134
23367
24333
21983
33495
10764
33335
19110
29648
21755
24478
25858
28895
17699
29574
18365
29639
26047
21199
22376
29739
13711
31389
27029
16274
29595
21330
23378
25830
22997
23135
26253
24318
21744
25639
30617
13325
31933
20987
28241
24463
21962
23348
31156
18773
29743
19050
26023
26847
22182
21610
31609
9925
32671
26611
17995
29643
22626
21981
28622
23423
26255
24803
24295
21327
28463
32387
15202
27030
23524
25847
27807
21421
20351
32746
20430
26573
21178
23072
26286
22252
23254
32088
11933
30401
22904
20200
31388
21271
22042
27392
22042
29840
22654
22543
20849
27257
35622
15903
21321
26209
21675
30567
23499
17234
33350
20680
21428
26069
23135
27303
19622
25791
30667
16187
29013
19735
20261
35931
19669
23867
24630
20779
32723
24029
20325
23432
22487
37135
17348
19572
28607
17615
31159
26221
16798
33768
19457
19234
28835
24703
28272
17915
26069
28959
21063
29665
18937
19510
37643
16469
27918
24265
17279
30095
27735
17340
27806
16634
35418
17075
22594
27998
15893
30869
25511
17334
39083
14767
23467
28007
23666
29702
19197
25769
28932
20446
26933
23935
16287
35336
15906
25863
29202
17725
24887
29807
14526
32255
15166
34148
17231
27479
25031
18972
32223
25887
15574
41017
15676
27857
26383
21872
26995
24742
22135
29567
19651
23605
28415
18046
31125
20077
22479
31167
20309
23570
31164
16743
28886
18710
31407
20319
28037
21823
21495
30922
26267
16404
33923
14207
29725
26005
21839
24307
27675
19092
31149
20893
22191
28459
19124
28061
24325
20735
30724
19195
24329
30899
19293
27007
19066
31184
23545
28542
20551
19839
28553
27123
17435
31589
16232
27724
25262
23583
20523
29663
16671
29905
23591
23269
26181
21349
24979
27295
23094
29063
18340
26159
27309
23019
26645
19253
28863
25261
26171
21994
20387
25537
28056
20451
28408
20978
23479
23470
25836
22142
28978
21113
25503
25271
25303
23685
25911
22579
24875
24919
26739
22051
24819
23822
24062
27395
23839
25017
24591
23783
22977
23606
24907
27015
24301
24447
22855
28091
22046
24381
24730
22223
29169
22371
22968
26419
21708
27661
24286
21835
23422
22169
30175
19123
26118
20924
22558
29269
23893
23777
26459
18286
24242
27341
24534
27205
23389
16767
32361
24492
20845
28957
12845
34662
24070
23882
23429
21065
25943
27479
23925
24511
15619
38001
13587
32671
21494
18722
30661
26213
19546
35647
15025
21643
27144
24941
25874
27031
10128
33192
26438
22555
29763
11119
31052
23961
27799
24975
21037
24791
25341
25002
29210
13356
38491
12331
32495
24790
20843
26761
29033
14527
37260
17389
21094
24061
25500
23604
32116
10704
31239
23008
26011
27325
16093
28989
20983
26187
29292
19750
26063
23963
22429
32977
16591
34361
17225
28085
23781
23723
24607
30861
14168
33158
17165
23001
23655
25102
20810
31499
14770
30781
19320
27348
24895
22095
30157
22236
23641
30014
17252
26386
25727
21677
31191
17350
27563
23738
25620
22548
22873
23942
34001
15750
31350
16886
23885
26735
24843
21037
30591
16975
31263
19978
27715
23847
23497
24141
25238
23346
29551
17044
21487
27161
23471
29173
18913
22538
26437
25978
23654
20383
21782
35077
16520
31869
18751
20342
27927
23103
22567
32661
17866
26255
23815
25975
25470
26075
16237
28887
25459
27761
21836
16818
26047
25099
27267
20293
22764
25755
23514
27895
19965
23823
34963
15089
32980
23029
20742
29277
23981
21932
34849
23327
18071
29557
21625
25575
30793
11663
29240
27503
22167
28001
13593
26413
25549
27231
20574
27120
24027
22701
27791
20174
23576
34027
13002
31436
25151
23421
26175
25175
16575
32978
27615
12555
33562
19473
20402
35924
9351
29631
28777
16551
33107
13935
29164
23316
26262
20360
31311
23073
24724
25015
23037
23463
31971
16091
29517
19805
26915
19905
30029
17198
27108
29467
15157
33451
23295
17543
34166
16299
30617
29171
18749
30501
16507
30259
23402
25511
21434
27803
19177
27234
20187
24647
22683
28479
21247
29999
15266
30933
15221
34040
19419
24479
29322
18451
27959
28159
15761
31879
17271
28175
26989
23452
26177
17697
28822
24359
26050
21857
24853
17183
32341
19919
24719
23797
25005
23077
32183
10432
36239
11644
32520
24435
22803
27454
23271
20957
32394
15784
30415
18147
27143
23775
28940
23743
18853
26943
26833
24205
24269
23247
15755
34910
21231
22684
26949
20031
23566
35021
9531
37693
12851
28953
24731
23871
25571
26722
14939
31921
16751
31521
18344
27559
19006
32878
24535
21576
24468
26911
22783
28444
23460
18679
31567
23254
20467
29266
19068
22225
31735
12167
36058
16251
25271
25191
25580
25255
29247
16751
29541
18870
31814
19606
29961
18039
32845
21289
24215
21878
27808
20856
30500
22659
21267
27440
23129
18233
32027
18924
23175
29935
14835
33885
19372
23737
24093
24493
25791
28214
19039
27091
19097
31257
20187
30244
17552
30994
18151
26399
20013
26953
19342
28509
23423
24438
22924
25287
15778
34665
18997
26228
27297
17622
31698
21521
23778
24270
24644
25365
26256
22406
25771
19965
28933
21057
31051
17337
30880
16274
31543
21467
28567
21594
27899
24173
25530
21123
28357
14840
33566
19389
27896
23835
21223
26295
22471
24327
22762
23375
25363
23007
28560
22639
21247
29483
21057
29533
21141
26546
17143
33089
18943
26676
23375
22482
25489
25401
18283
29587
17723
29414
20711
30207
19667
26623
22972
22358
29119
21163
24047
28683
19655
33866
19806
21183
28539
21191
26623
25788
21439
20374
33543
17631
25422
25758
18070
28877
24988
19430
31333
21401
23703
23229
28601
17156
31019
20694
22230
33473
17238
25566
30527
18071
35590
19367
21081
28202
22422
25047
28027
18415
21525
31677
15545
24617
25061
18679
29490
23507
18971
31371
23736
19981
27510
28366
17655
29408
20794
20930
35455
16351
24280
28202
19129
31809
20431
17419
28149
23755
27751
25644
19601
21518
29485
19951
26038
23897
21599
27647
26342
22471
29605
23903
15527
29407
30245
22033
28254
19098
20403
34237
19465
25757
26019
22684
27277
26828
17587
26838
23508
31548
22968
24900
21479
23828
25885
26311
19823
29507
20942
25913
24131
28601
21944
15419
27097
27055
27618
27943
19784
21045
28841
23578
24443
27125
22039
23023
29541
20591
27978
19887
33800
20678
27391
23474
20986
27566
24651
18477
32745
17375
29502
20104
28391
20821
19008
27569
21307
26447
27737
19637
24107
22519
23402
25620
30752
20815
25911
27720
18044
31223
20205
32479
22595
25535
23541
25506
27991
20390
19362
29674
19539
33679
16082
30633
20183
22102
30547
19913
25034
28301
20006
24785
24785
20909
24565
33714
15419
31769
25173
16633
33580
17647
31259
23457
21953
18739
29508
27578
19530
21617
24407
22751
35158
14331
33395
17180
22547
29526
23327
24373
29484
19871
26673
27247
19407
23597
29959
16717
33364
23854
17831
28541
20652
29333
23317
21767
20527
29559
25982
23379
22723
25123
25193
29701
20428
29614
18631
23333
24223
26617
23359
26615
19884
24307
26842
19421
23750
26012
20499
29706
20882
22881
25821
21820
28193
24807
23797
22654
28772
23747
25095
19527
24441
24793
24492
26896
24271
20403
23418
23419
28551
24606
24338
22697
21943
24755
22379
26486
23426
27647
20983
25251
23268
24183
23213
22655
25242
25353
23921
29430
19805
29693
18657
25343
25783
24793
28552
24135
22268
23049
24789
26362
23452
25362
25841
24831
22693
22000
26295
20549
30678
15655
29557
18911
26203
23596
24893
23004
25333
23177
33566
16223
29784
17085
26303
29418
22779
24827
28725
18315
24651
25128
23749
24900
21453
26150
21598
25606
22470
25955
23699
28703
23483
28723
22555
27070
23031
27099
20149
27101
22527
25991
22519
21239
22744
25023
23506
24734
22071
27391
20813
22892
25207
23255
26671
25591
25318
24941
25346
22328
24820
24657
25287
24944
25075
24147
24744
22503
25972
20548
24653
22595
26446
23041
23058
24530
23117
23512
24561
22301
27872
23207
26132
25161
24786
25213
25351
23575
23863
25128
24714
24948
25797
22618
22523
25753
24551
24798
23534
24595
23307
26197
22252
26363
23495
25015
24027
25174
23785
23183
23259
27183
23749
25663
24300
24644
23752
25859
23061
24181
23775
25623
24639
24095
23463
24421
24126
23985
22154
25773
25062
25181
25853
22556
24943
24701
24445
23847
26261
24022
25014
21326
25219
23530
25244
24741
24884
24473
24483
25014
25055
23747
25455
24035
24388
26096
24655
23389
24990
24024
24809
23455
24678
24950
24327
24655
22621
25506
24811
23689
24082
24133
25143
25674
22143
26699
23857
24367
25749
25189
23007
25695
24863
26271
23185
24647
24499
25607
23822
24171
23535
23135
25387
23790
22508
24908
24941
25372
24701
23423
24276
25543
24003
24654
25248
24157
24733
24879
23706
25165
24035
23596
23534
23391
24045
23663
24538
24052
25892
24074
25141
24956
24447
24157
24831
23950
25269
25525
24991
25459
24167
22535
24973
23839
24076
23066
23705
25169
23387
24225
26061
25357
24413
23827
23846
24119
23982
25525
23383
23673
23763
25920
24527
25370
22415
24773
24235
27327
23258
25325
24745
25291
22847
26111
24157
25309
24183
25015
23965
23403
24895
23324
23720
23767
24223
24151
24895
25162
23863
23121
24430
23509
24376
24214
25991
23816
25317
23105
26086
23711
25031
24111
24287
24020
25701
22017
25311
23333
24756
24353
22591
26090
25291
25005
23851
23935
24776
24083
26540
23283
24373
26439
22094
23976
23525
26191
24375
23636
24639
24607
23402
23659
25559
24810
22587
25497
23314
24602
25658
25151
24871
25999
23615
24943
23695
24991
24047
25773
23903
25651
23797
23663
24883
24431
23545
25215
24148
23996
23537
28337
23228
24989
22868
24553
24136
22733
24863
25402
23993
25333
24251
24533
25292
23930
24475
23919
24339
23227
24710
23940
24084
24017
25093
23423
24179
23581
25267
25062
23479
24827
24101
21938
24790
24102
24451
26423
25045
24635
25081
23867
24679
23966
24046
24025
24369
24027
23647
23061
23769
24392
23649
22879
23945
24159
23994
23896
23783
23998
24240
24010
25722
26150
23590
25176
24889
24816
24051
24510
23401
25358
24162
24794
21905
24199
24299
24753
23517
25449
23415
23851
24418
23865
23743
25639
24310
24460
24393
25324
25803
23821
24046
24027
26391
25523
24954
24129
24588
22907
24075
22866
25323
24595
25196
24251
25439
23516
24826
24038
24503
24603
24707
23483
24362
25023
24788
24271
25321
23769
26119
24362
24264
24167
25127
24607
24191
22527
21475
24671
24531
25069
23128
25386
24123
24115
24250
24927
24062
24164
24441
24399
22514
24403
24130
25125
23721
25462
24279
25781
24279
24853
23451
24647
25087
23999
24996
25749
23815
25534
25087
24520
25195
23829
24221
24169
24055
24125
24475
23511
23719
23815
24489
24033
24894
23075
23293
23827
24820
24410
26474
25125
25719
26223
21491
25709
24358
23287
25339
24982
24741
22799
23359
23479
22425
23581
23543
24519
23487
24254
25791
27754
21961
27081
25757
23820
25663
25257
24450
24748
23965
24341
25015
23623
24623
23828
24264
23655
22952
23322
23158
23885
24485
23902
23267
24789
25844
24930
24319
23931
24020
24855
24093
24623
25228
22525
23975
23390
23743
24446
23865
24959
24301
25963
23807
23245
25539
24729
24974
25201
24053
23997
25391
24276
23662
23841
26725
22238
24174
24507
24239
25086
22806
24371
25855
24831
24357
23519
23970
24778
25235
25595
24701
25167
24964
24319
25191
24631
24311
23671
24563
23971
23945
24927
23945
24177
25732
23919
23540
26036
23095
25029
24094
24301
22655
23259
24849
25464
24787
23869
23719
24853
24591
24127
24110
25361
23625
24097
24765
23757
23028
23165
24271
24438
24367
24855
24181
25941
25423
24039
25065
24521
24669
24655
23410
24046
24235
23734
23820
23907
27519
22395
23987
23825
24481
25766
25069
24239
24975
25300
24927
24542
24651
23943
23600
24385
24421
24147
24250
25975
24479
23632
24263
23964
23805
24031
23499
24935
23706
23670
22581
25221
23759
24739
23804
23583
24955
25491
25143
24722
25629
23486
23764
24694
23675
25621
23909
22985
23621
23359
22579
24530
23903
23859
23973
23742
24271
25451
25395
24015
24174
24617
23957
24191
23711
23628
23606
24918
25783
24411
24235
23317
24615
22455
24387
25609
24191
25067
24699
24182
23777
23373
24543
24661
24633
24904
25306
24700
24780
22683
24745
22532
24927
23709
23189
25333
23582
23813
23418
23972
25423
23358
24626
26109
26159
24186
25370
24221
24552
27528
23065
25106
23745
24402
25437
24063
24060
22593
24176
23155
23743
25067
23996
24605
24971
25106
24459
24936
25392
23964
24453
25593
24347
23451
24715
25179
24079
24378
25389
24150
24829
25281
24699
24997
24089
24842
25566
21217
24242
23695
24355
25047
25316
23400
24538
25481
22823
24267
25502
25583
24146
23751
24855
25471
24229
23422
22399
23997
24023
23589
23229
24675
24815
23886
25911
24653
24375
23889
24923
24598
24766
23918
24220
23379
26460
23502
23306
23544
23487
24254
24315
24261
23945
25387
23795
24780
25458
24639
24766
24295
24863
24685
23199
23876
23516
24698
23797
23033
24005
24425
23203
23493
23327
25685
24532
24791
24252
24604
26386
24317
24214
25203
25260
24469
23517
24891
24676
24101
24671
23172
25417
24447
23167
23479
23609
24370
23603
23515
24133
25278
25065
24311
24639
23610
25039
25214
25732
24716
24599
23751
24031
23743
25045
23722
25719
22812
24959
25199
23805
26667
24223
24687
24001
24587
26430
24889
24951
25393
24269
23906
24141
23381
23055
24533
25004
26620
24331
23607
25857
24782
23819
25543
24253
24399
25095
24537
23895
23135
25535
24948
24233
24830
25010
24149
23397
24895
24495
24270
23694
25511
25551
24855
24520
23782
24683
24934
22941
24734
24739
24877
24354
27685
20631
23917
24487
26261
24761
24496
25355
23803
25087
24475
24412
25703
23605
25893
25679
25085
23902
25490
23414
24617
23503
24094
24782
24906
24319
22708
22947
23391
23457
23767
24986
25228
24727
24269
25211
24656
24439
24883
24935
25392
25557
23663
23794
23729
24701
24767
24303
23295
24272
23163
23800
24079
24801
24423
23998
22323
24184
24638
24333
23732
24347
24412
24139
25844
23617
23816
23636
24527
25005
25435
24838
25330
24699
23547
23275
24431
23498
24070
23873
24408
25524
23951
23702
23847
24143
23807
25488
24902
24382
25451
26716
25014
24529
24817
25847
23919
25207
23727
23931
23571
23959
24379
23725
23513
24701
25029
24591
24983
24082
24057
23637
24682
25046
24063
25021
25413
25023
24517
23480
24652
24123
25128
24273
23775
24219
23897
23923
26581
23049
23645
23780
23079
23811
23711
23559
23579
23503
24945
23581
25612
25002
24031
24086
25211
23696
23723
24081
23475
23257
24995
24121
23790
23639
23909
23337
23918
25706
24151
25469
23223
25114
24605
24686
23837
28718
23807
24807
24632
24759
24543
24290
24088
24586
23103
23352
24288
23379
24870
23934
24303
25671
24234
24132
25359
24234
24215
24919
24615
24833
24453
25489
25663
25091
25999
23564
23355
25239
23699
23525
22952
23412
26010
24207
24786
23368
25127
24410
25451
25442
24739
24549
25259
24995
24806
23687
25173
26133
24701
23846
25199
23550
24007
23183
24828
23890
23356
23303
23902
24624
22522
24213
24463
25375
25251
24606
24558
25087
22655
27188
23579
24843
24891
25581
23871
24981
24609
24631
24881
25060
23118
24330
24203
24965
23226
24083
23879
24543
25119
24245
25334
24447
24509
26126
24345
25695
23826
24815
24360
24770
24253
22617
23659
22851
23423
23847
23842
24329
23855
24498
24517
25460
24787
24598
24895
25429
24501
24907
25485
24803
23213
23349
25012
23742
24235
24085
24911
23607
23799
22621
24122
24158
24563
23740
24333
24287
23909
24685
25076
25055
24815
25101
27339
24424
24935
24649
23882
24283
24805
23383
25749
24248
25055
23434
24789
22671
23879
24671
23913
24542
23471
23674
24811
23649
24303
24189
24864
24191
24972
25658
24023
24263
23699
25495
25030
23486
22903
25177
24655
24823
24685
24326
24087
24666
23209
24715
25396
23667
25252
25655
24939
26221
25438
24509
23600
24813
23057
24977
24724
25287
23550
23611
25279
22877
23855
23531
24077
23434
26512
25700
23917
26014
24439
25448
24379
27999
25333
24868
25564
24495
24774
23795
21949
24654
23780
24017
23295
23364
24543
24437
24799
24411
22565
27047
24689
24370
25570
25737
25535
25505
25143
25158
23096
25085
23587
23839
24798
22957
24143
23473
25582
24741
24732
26170
23779
24040
25568
25818
25235
24037
24914
24989
24981
24743
23871
25519
24769
24887
23946
21718
24393
24283
23007
23914
23703
24618
25927
25243
24447
25094
24983
25644
23789
24300
23202
24702
24798
24599
24302
23871
22807
24402
23792
24285
24255
25822
23753
23879
24722
25205
23734
24413
25279
24657
25385
25199
24063
24222
24872
23643
24703
24467
23133
23510
24516
23187
23549
23981
24882
24104
23825
23846
23672
23475
23475
25471
25887
26380
26135
24383
24454
24980
24727
25382
23947
